0.663662 -1.322586 15.000000 116.408559 2.426862 -3.042816 0.526111 -0.031979 -0.011407 0.849738 794.525896 575.386454 808.050847 594.525424 806.161290 648.459677 776.954802 570.824859 793.836879 608.978723 800.304000 628.712000 747.057971 528.478261 762.480000 549.486667 787.190678 588.915254 
0.456794 0.834595 15.000000 85.676471 -167.992967 -100.593444 0.569237 0.372961 -0.520569 -0.515633 814.837800 403.163611 779.521739 399.586957 746.934156 455.820988 750.033395 377.771800 748.659926 403.610294 746.538606 428.937853 757.174180 328.057377 753.017208 353.300191 725.786787 393.147147 
-1.268918 1.062684 15.000000 -175.393810 11.069248 -167.092137 0.100255 -0.028913 0.988667 -0.107939 612.471861 374.060606 650.238806 374.589552 689.906977 364.565891 571.347222 376.354167 630.329545 377.943182 670.187970 369.804511 549.109375 373.578125 594.284848 379.624242 622.807882 389.610837 
-0.237022 -0.936637 15.000000 -116.141566 -40.973127 124.476389 0.493610 0.300037 -0.789730 -0.206528 711.664789 497.845070 703.279373 516.694517 690.896040 553.259901 694.835979 534.510582 679.146259 568.846939 667.766423 555.007299 752.010606 555.978788 718.434426 559.581967 668.098246 583.080702 
1.018116 0.932201 15.000000 6.853807 -66.449444 -38.423908 0.799305 -0.243851 -0.532938 -0.132761 776.959821 369.178571 812.176692 374.552632 829.852941 372.920168 790.738516 377.028269 819.520000 402.770000 858.119266 407.064220 801.597156 387.464455 842.793296 415.553073 855.078125 422.817708 
-0.785830 0.954461 15.000000 49.580110 165.442910 78.599797 0.352439 -0.249003 0.730517 -0.529272 624.330330 362.445946 650.720000 382.768000 631.686992 442.024390 686.289963 386.522305 668.838828 406.021978 651.529081 424.234522 717.090110 345.918681 701.923518 366.917782 693.298883 413.279330 
0.999329 1.013197 15.000000 162.230046 -150.863550 167.556262 -0.946392 0.142256 0.230849 0.175539 806.033670 381.350168 824.166667 400.157658 842.512500 408.481250 793.707224 371.384030 823.765432 378.000000 865.532967 387.104396 756.197183 345.105634 775.829787 357.340426 841.587591 386.427007 
-0.018791 -0.719268 15.000000 -138.511470 -41.237779 -121.307637 -0.124593 -0.450363 0.701819 -0.537680 719.236749 489.628975 751.372396 533.018229 745.633523 569.573864 730.675000 516.258333 722.453865 558.882793 706.119792 569.299479 764.163690 516.931548 737.983721 546.472093 688.705714 579.517143 
-0.976062 -0.087916 15.000000 -97.322907 25.730803 131.141969 0.114094 0.655417 -0.605618 -0.436621 683.637329 492.605463 656.305785 476.528926 618.554779 511.235431 630.948546 441.514541 631.534314 467.147059 613.348371 534.448622 632.498783 416.262774 614.048193 458.521084 622.932280 488.589165 
-1.054871 1.135247 15.000000 -95.931321 -1.005687 -113.525050 0.361535 -0.563589 0.617990 -0.412005 600.836041 368.370753 649.482063 372.199552 642.116279 438.873385 657.179825 350.837719 653.149321 394.162896 647.706573 416.276995 656.265734 303.107226 656.934537 327.571106 676.202247 374.252809 
