-0.737460 -1.440879 20.000000 72.639935 -22.520438 146.412201 0.117594 0.789926 0.510661 0.318457 708.845745 520.281915 666.992308 564.576923 653.202952 563.483395 700.828877 536.967914 687.270742 561.973799 682.670000 595.535000 697.384615 553.863248 686.925373 578.572139 679.546961 612.955801 
-4.594685 0.963004 20.000000 -174.526696 -8.705935 -23.079724 0.031479 -0.083805 0.195694 -0.976570 385.114286 423.765714 403.158163 419.627551 443.896861 415.318386 419.890411 388.184932 420.715789 416.515789 480.533742 413.877301 404.858333 383.300000 433.084746 406.293785 462.061453 413.000000 
2.786661 4.957073 20.000000 -158.976811 35.908654 123.588769 -0.185070 0.296192 -0.797693 -0.491635 917.298039 113.776471 903.032258 130.903226 870.936000 138.084000 919.110687 132.087786 887.189781 134.408759 895.543991 158.684549 936.292096 123.701031 917.135417 155.312500 913.067442 181.581395 
-3.603017 -0.601103 20.000000 88.114366 -143.912722 121.050642 -0.466079 0.519110 -0.148702 0.700845 506.287671 470.116438 487.054545 504.754545 457.820628 514.943946 506.659091 488.532468 508.432692 509.086538 485.518750 527.093750 521.956311 496.621359 510.838095 527.479365 512.577181 546.520134 
3.083806 -0.707313 20.000000 117.291166 -72.635164 -88.574584 0.653279 0.069307 -0.701060 0.277378 963.266854 501.581461 934.162194 506.156359 902.555046 502.165138 949.362500 514.037500 917.201299 515.772727 905.786164 515.660377 929.658768 528.132701 914.969697 530.429293 901.746835 535.721519 
2.187700 -1.957156 20.000000 23.961728 34.030085 -157.048264 0.126573 -0.928784 -0.137580 0.320018 852.805195 589.090909 865.807292 593.046875 895.776786 589.875000 838.051852 608.770370 879.635714 592.685714 911.574257 588.495050 823.862595 617.251908 852.195489 601.496241 890.886957 602.069565 
-0.289976 4.909452 20.000000 165.235415 124.179008 -8.903057 -0.008056 -0.878380 0.077171 0.471624 671.253165 155.556962 685.204819 149.674699 738.174825 159.328671 680.014286 137.428571 715.270073 145.540146 745.815789 147.500000 692.628788 137.840909 702.023256 144.174419 730.200000 148.711111 
1.110498 -4.186886 20.000000 40.481339 169.361471 -61.533408 -0.101475 -0.340487 0.786318 0.505446 826.603390 698.525424 811.374603 714.577778 788.037736 722.825472 799.103586 732.139442 782.285185 741.862963 768.765385 753.096154 822.524457 768.567935 809.071429 751.500000 753.807087 764.681102 
4.591905 -0.981875 20.000000 -131.397562 40.883986 -118.501311 0.470722 -0.168657 0.807426 -0.313111 1047.565371 533.328622 1009.917647 532.258824 993.556548 525.375000 1054.547101 519.166667 1032.126984 542.894180 1027.083636 562.610909 1060.719368 503.865613 1060.232673 548.747525 1042.119048 551.057143 
3.165342 0.607214 20.000000 79.496340 -31.794434 168.312666 -0.098946 0.753446 0.590322 0.272118 951.706250 385.812500 938.296000 420.472000 917.356688 435.535032 946.985437 406.558252 924.532787 446.868852 912.162602 451.934959 943.598802 434.425150 943.890710 450.934426 945.000000 468.422619 
