5.035579 6.492671 30.000000 -134.284746 148.815308 47.649329 -0.263008 0.854104 0.242216 -0.377710 967.418605 161.193798 955.887417 169.741722 933.491667 176.666667 946.614458 179.921687 936.142857 189.278571 927.972973 199.648649 967.865854 187.890244 960.418182 196.193939 920.315385 210.900000 
-1.238015 -4.246653 30.000000 -175.655201 125.321760 -41.898059 0.333632 0.822765 0.195530 -0.416551 686.472727 634.236364 675.575000 644.650000 655.303922 662.166667 676.274510 663.960784 668.260870 655.608696 659.126761 671.408451 693.417582 666.945055 684.575472 665.792453 666.314607 664.494382 
-5.710256 1.255251 30.000000 -123.010286 4.089137 75.656584 0.357353 0.317171 -0.525215 -0.704166 493.918519 382.711111 485.960938 391.507812 462.566667 403.683333 476.038462 412.030769 478.131034 400.406897 460.571429 429.228571 496.877953 425.216535 465.901408 418.457746 455.492424 440.287879 
-5.178691 4.980445 30.000000 -13.260792 132.029402 -17.849183 0.415261 0.041576 0.903833 0.094422 482.092105 262.315789 493.717647 264.117647 523.750000 252.031250 488.986486 255.743243 505.380952 251.944444 535.246914 254.827160 482.520000 236.280000 495.528000 242.704000 514.089286 250.883929 
-0.656230 2.112180 30.000000 -166.829315 -29.081127 29.201111 0.170296 -0.213371 -0.270258 -0.923273 705.595960 363.363636 702.278846 372.163462 695.084112 378.476636 725.052632 368.989474 686.038835 382.155340 694.097826 390.358696 735.921053 368.328947 714.010753 370.311828 677.452632 386.515789 
-0.235149 -0.511391 30.000000 -100.265622 -151.892517 -129.450823 -0.606825 -0.458651 -0.096952 -0.641875 705.966667 473.422222 724.680556 490.583333 716.169355 527.120968 703.824324 484.087838 724.045113 503.984962 720.774194 515.677419 727.070796 467.238938 727.425197 479.653543 735.760000 499.456000 
-4.770406 2.414441 30.000000 -59.890301 101.256716 -165.706229 0.451270 -0.497385 0.397526 0.625249 517.708861 341.278481 505.255319 347.340426 523.452381 386.726190 513.101124 352.359551 525.179487 367.423077 533.645161 387.709677 522.144737 348.973684 522.443299 358.175258 529.618182 379.345455 
-4.398141 -4.812203 30.000000 139.370248 106.711033 110.341773 0.735999 -0.259653 0.618549 0.091016 540.163636 658.736364 541.853659 670.926829 515.616279 688.104651 547.295775 665.140845 542.321429 682.119048 518.564706 697.658824 559.426966 669.269663 551.191489 675.776596 526.344828 690.344828 
4.786909 2.751883 30.000000 -165.586433 26.156228 -35.009916 0.184062 0.177340 0.317744 -0.913077 962.851064 353.219858 947.845161 355.309677 931.900000 361.675000 946.333333 335.080000 934.059829 350.854701 910.077670 366.233010 948.087500 326.137500 937.427184 331.524272 921.381356 361.779661 
-6.227672 0.995700 30.000000 3.162129 140.331663 -137.164533 0.099691 -0.325225 0.334657 0.878803 450.162162 409.963964 457.897059 420.022059 482.590476 423.342857 432.741935 421.967742 469.730435 421.321739 475.229730 437.364865 420.675000 424.575000 444.827869 420.467213 464.397516 438.906832 
