121.754272
152.383789
27.194498
178.418747
37.391907
7.981919
114.961952
148.308243
163.660370
176.756104
151.143143
151.604309
77.678108
143.224045
23.505474
175.749725
139.607651
37.361317
170.835342
133.807007
162.914062
45.585842
31.290956
121.377907
166.366180
162.349411
77.341339
23.739225
134.638184
150.854935
110.748962
124.484032
7.757875
127.481987
106.900169
54.187588
134.823746
168.971527
157.363846
160.758011
8.590554
178.096756
157.683884
121.229637
166.294647
172.696609
88.080513
154.290237
124.176208
174.923416
145.327972
139.099350
91.046219
167.282837
55.086975
57.543228
148.019302
38.812542
133.564758
124.894302
138.874161
175.179031
88.792854
152.330124
139.420349
19.387672
129.083923
109.194626
139.897446
155.421127
58.642197
142.397354
40.860683
108.866386
101.434258
13.479238
24.780041
116.119209
144.543045
166.838928
134.179337
161.986725
128.187897
141.572662
65.254921
158.846634
78.903938
161.276550
111.416222
75.236603
117.013412
121.252213
66.147202
142.260742
177.999344
151.023727
158.891815
176.987015
62.961815
173.877243
36.625877
80.159599
151.927246
47.677471
114.686081
34.427109
163.153870
11.924992
73.998276
162.288162
177.030136
115.738625
128.223343
43.233879
110.997742
171.701233
124.593285
23.450150
37.219864
176.376923
83.040230
174.771820
176.978333
60.626595
125.355560
133.191879
108.074142
171.899155
88.844803
80.795578
20.923927
170.523987
77.196190
148.116714
142.473267
86.741714
137.532516
119.438652
90.159515
130.143524
172.111542
123.214928
173.789734
132.316269
101.377647
69.442986
156.079330
113.466888
171.876038
14.862248
116.414131
41.449059
96.208366
141.867188
115.718697
155.731339
166.897217
62.701065
32.657444
157.148575
162.571701
159.125366
133.087387
63.457905
89.051117
153.124664
142.162888
165.865768
98.247429
149.116257
163.242157
89.885094
165.575256
174.735321
117.403610
94.146103
80.958893
145.407043
172.329971
170.493668
54.419350
69.994881
101.561584
148.885727
40.026390
178.691727
25.743309
137.502472
103.854027
50.537888
22.157560
84.388824
179.283981
102.036324
168.959885
72.046860
174.107193
69.599091
24.330591
156.510620
124.691734
161.448807
161.740860
44.289280
61.872303
170.109207
136.869568
21.998541
38.576229
165.521576
179.201309
162.709122
53.832024
86.887718
69.675972
162.855408
9.769587
160.913666
125.264801
178.386841
107.298668
164.297836
98.190483
149.550278
73.218437
154.363831
178.189850
136.598618
175.241333
27.061960
20.930546
38.727451
32.959972
159.652313
169.059433
166.496979
62.875515
37.790932
41.628990
84.915092
54.221104
131.890762
71.925262
151.741364
58.950771
60.071983
161.989258
122.551605
39.248981
129.365967
104.734489
177.916122
130.408539
172.196960
74.212318
37.924442
170.550919
54.618477
130.000870
99.256775
27.640131
52.561695
73.220695
154.188950
62.396111
149.330200
159.497711
169.126297
30.337677
21.334721
135.428940
142.793839
147.312424
65.473099
114.890549
167.161819
166.017624
92.155495
46.294342
131.827377
124.855507
80.367371
42.195400
119.585442
113.232964
104.854080
137.640305
178.277573
122.467209
54.328041
102.659538
69.981377
166.165390
167.623367
22.850576
112.612511
172.377518
74.769394
62.983849
44.003983
56.168766
43.343170
142.676193
23.067781
104.402512
19.572378
159.495438
70.458855
125.026588
168.819473
176.118332
162.787628
13.321942
133.473114
125.330757
171.776489
58.432293
124.025055
111.749107
169.921280
156.890930
9.811048
66.336815
100.848663
22.943142
174.123901
108.750931
38.247429
46.293949
120.472984
84.497734
90.417053
147.244370
63.568882
80.917953
94.316925
63.962833
155.928452
112.834381
91.145874
168.419830
78.155327
144.250702
19.103655
123.280479
167.775818
137.847610
112.596001
139.254593
64.979187
70.375656
45.963078
99.579277
102.876740
168.988358
148.357849
40.111755
83.749390
52.304855
151.066574
139.785233
178.154007
86.493744
152.596710
16.204109
84.965004
39.158810
68.579659
30.988857
106.768562
167.610062
174.346222
135.598846
166.673019
12.252495
148.657440
129.612061
137.704437
128.426743
154.914261
99.402985
164.976471
140.283554
162.987915
134.796555
57.201401
163.263550
128.673279
135.375046
125.958939
171.290771
12.017542
122.505463
48.589466
155.002426
152.190689
164.745071
137.409195
162.995544
94.149323
168.835251
55.680859
163.637970
151.072327
128.605194
179.229614
140.883209
176.846405
14.012279
155.917419
24.418079
132.122162
73.809708
148.621719
39.747890
119.881859
84.378540
83.221428
89.021988
36.034466
120.604233
145.147675
161.638870
153.641357
135.997421
137.720932
158.289062
49.602177
82.721909
170.012436
120.991837
58.780910
142.102600
61.638676
164.665359
173.225143
67.687012
160.326996
165.010147
60.832249
123.457481
172.352859
98.404221
167.697922
79.940865
144.961761
105.317055
148.587265
47.399250
152.376801
62.792896
118.109512
34.401016
88.005844
125.853630
124.246666
178.903427
148.432373
103.662285
94.547295
62.445404
115.129181
31.223949
125.344963
133.395615
172.893723
173.978821
172.756821
79.745338
68.003479
60.380234
52.651638
90.131157
50.923882
148.068970
32.671822
43.992603
146.661102
87.000839
72.763458
93.386513
142.246872
168.560272
61.992947
43.782391
98.251579
165.084167
47.922680
102.828239
113.739403
159.069809
48.697159
120.949051
130.299866
126.714882
83.092918
174.537857
77.032883
152.938065
120.433929
75.329926
78.380585
78.567719
150.879074
102.205002
178.398453
159.435379
95.256042
80.029236
8.963665
161.633743
101.039757
76.938522
156.060791
91.667191
166.276718
120.476372
56.153736
74.682343
168.972168
26.218769
165.090805
56.555283
128.908752
126.486488
151.187637
55.995346
139.309113
107.258430
177.711823
141.105148
28.148090
64.205368
26.766909
16.145897
149.652176
130.128159
86.542526
131.658035
153.048706
90.216522
131.317215
164.714722
31.260983
57.526932
113.610039
52.481361
176.260757
19.200796
118.995575
137.922836
114.260910
168.766525
83.533653
116.350029
49.762543
64.528824
102.729637
67.584564
22.464207
174.387955
148.037674
12.421450
120.093613
14.948977
84.886963
48.990372
60.765759
155.345581
161.696014
160.844345
108.206024
127.802338
143.612167
96.347557
21.911741
20.643990
63.867252
57.148838
167.383774
134.252563
90.621498
108.720757
133.610657
176.559998
157.421646
111.182327
88.984039
137.474319
178.745163
61.543388
80.930008
45.693142
170.751663
149.379120
161.599182
64.927437
179.569962
65.277641
147.887177
156.571152
152.239883
114.023331
103.624199
172.058426
168.943329
31.517889
140.546570
131.831161
177.375839
86.655388
174.629944
133.974365
66.195381
175.241013
32.433628
57.092720
146.759155
104.824188
151.989548
169.207916
148.632050
178.415634
153.298248
60.116085
49.639656
33.322086
151.930984
128.648621
46.144547
66.969315
155.829865
56.922462
33.868492
21.758617
172.501343
119.802879
44.062267
24.294750
112.510826
149.849167
73.119476
59.568733
117.380905
137.638321
158.026489
106.903091
100.695580
161.105972
83.057251
178.814957
135.761642
21.998756
175.904709
113.769691
34.845173
75.514191
78.877495
172.623016
168.762756
159.954422
153.474335
177.364929
80.586029
85.783279
102.969650
161.670685
128.249924
142.014130
171.945938
135.057999
64.618164
124.564499
162.826202
45.088463
74.390526
48.306034
98.967453
176.330811
102.756996
54.958675
101.046829
168.704712
144.590897
91.961212
128.443008
166.438873
166.794174
155.227966
24.450356
65.299500
169.624512
163.337799
32.794231
96.164062
175.860229
147.691238
81.598633
122.352188
179.054886
175.303604
144.829071
107.045509
58.888725
33.870743
168.985352
116.686302
98.222740
111.666794
90.430649
63.725101
106.512512
171.832550
145.527573
134.123306
157.231995
36.671719
44.217369
62.174442
98.764694
103.589500
110.066719
161.584839
171.228546
137.180099
52.093838
104.363426
89.429100
26.515638
117.096077
177.064316
153.334885
94.566017
173.817413
142.552307
47.040249
159.509964
144.681870
88.999344
39.737644
144.687622
170.364075
175.353683
126.181290
127.680832
115.503464
85.182274
60.928814
86.793968
155.393417
135.009857
91.859734
138.523636
56.498009
77.717369
54.437889
154.589249
179.696030
178.421158
128.320419
98.593384
166.941315
127.601616
163.233932
103.044083
153.229095
121.760277
162.833817
63.743565
85.104912
175.683594
21.301630
114.322556
126.411491
40.339584
92.863213
125.502068
65.895004
121.021317
132.913132
28.894291
124.965584
153.144470
104.047668
136.358475
155.308212
117.951515
102.247116
46.290752
14.611461
145.248795
37.381573
165.352539
170.409943
116.132278
100.827271
116.132675
172.079941
102.887070
149.040970
150.752533
61.327160
24.940252
71.175850
62.151337
176.134796
102.692986
35.398567
61.569550
11.153292
137.221878
83.079346
144.016281
171.915848
23.487831
124.780380
136.288605
126.458214
46.248543
147.761230
106.019836
21.955685
89.932846
101.121056
31.846975
139.571976
63.895000
110.820869
28.032982
89.704803
63.241085
50.581741
132.063141
152.703171
10.806974
46.377556
177.493622
168.905777
159.736603
121.795532
80.992973
172.864044
157.264786
106.584358
83.302063
100.582909
124.798012
137.892868
113.795776
131.957779
