10.248301
128.786713
15.535374
11.230480
28.974918
17.870502
25.006971
166.280518
104.683617
38.274792
21.686123
37.072697
39.059597
23.118181
8.818977
165.530731
92.266724
7.687180
16.119564
13.958586
12.422586
13.163966
11.787569
79.756554
72.851173
175.856796
128.120743
77.227783
14.871859
38.174751
17.896954
17.185257
18.344521
21.572037
169.435165
13.164502
5.061599
24.022116
37.826393
3.425159
29.869492
4.816207
34.100502
38.471733
24.349707
15.546083
1.862505
22.365913
6.456084
34.131168
6.973447
19.073626
11.440587
168.834137
6.955792
39.721684
175.129837
14.826241
4.339407
11.730360
19.069338
8.095345
12.725337
5.157674
121.732422
14.634217
16.723410
14.272112
113.302841
7.998584
28.248075
11.648599
8.232461
11.269016
12.231805
33.715832
18.167006
10.576263
128.756683
12.934046
8.471729
13.362217
23.025078
14.871488
14.795294
9.583248
82.708496
17.282539
15.794195
17.894758
13.181951
52.675533
7.083648
6.658511
2.669724
15.645958
27.251816
14.238644
13.737111
27.839321
14.294252
11.682271
20.777134
8.489466
34.666454
7.134545
5.238856
4.466362
18.639917
20.347681
13.654049
10.183783
15.652279
7.710783
4.524183
17.183702
56.726917
145.797440
25.159645
9.011349
129.563660
4.744803
144.637909
9.673989
9.361972
13.329478
9.998089
22.038239
6.330536
12.093513
8.967596
27.634323
8.692365
167.631653
32.820618
87.460655
24.887688
7.225192
4.295161
9.287438
16.149252
124.948769
21.078709
16.789459
88.059654
15.006152
20.301264
7.307004
5.197595
10.783086
15.940276
94.551422
150.462860
22.006737
60.829731
34.611431
127.507072
7.574476
12.758144
7.955575
14.201949
29.236115
24.442289
10.204463
13.543919
133.763916
30.605124
19.986124
22.967308
46.696186
7.449778
15.524960
25.146034
143.128250
8.845235
15.761003
13.235930
23.815546
23.604124
10.803927
23.039684
14.348280
79.628853
11.490707
27.000177
7.187807
2.749171
12.394715
9.210006
7.692579
9.038781
14.902859
22.283146
28.368711
63.336369
8.615599
4.866661
10.005064
42.385838
13.185816
23.396313
7.473814
13.282136
5.939586
9.411722
6.740220
14.460182
25.876890
3.094751
9.206516
16.944031
6.320756
20.392025
10.084176
2.095837
35.744682
17.899940
34.464523
12.655501
29.169138
15.896373
6.812337
28.468689
8.138195
5.019973
30.313911
13.374248
13.036189
20.239939
11.507003
28.098333
22.160404
14.486481
45.353508
140.760239
174.764786
118.359848
129.457809
11.137044
80.866158
8.707944
13.535517
121.275620
49.065830
7.521346
5.991434
15.006517
111.649681
18.674217
27.534651
14.553877
12.787558
13.731000
11.738847
71.689323
19.915821
152.159912
12.258765
68.134201
22.908497
17.252604
42.348808
102.457108
8.932055
59.270432
16.515562
102.389618
18.832933
139.091599
12.019759
116.700661
7.232776
56.301754
27.030005
9.713841
93.899826
48.189487
11.416920
37.948086
10.359277
22.927063
126.434036
24.587574
8.843906
10.976604
120.878822
15.935348
163.363708
12.574120
13.319409
10.972604
94.796364
2.553125
16.670536
13.945259
24.817001
33.158077
20.719061
17.089401
13.265649
22.823355
11.009760
61.882835
26.656441
155.453629
12.450962
15.238696
11.575748
163.558929
6.805436
10.272056
14.649493
14.890529
81.393044
3.298252
8.279713
38.455414
5.046418
15.051902
136.848755
11.555751
50.603832
10.653206
87.148643
19.602732
21.337778
26.293499
14.234621
10.449144
15.264224
42.639835
14.673423
15.604154
14.284753
18.127853
168.405807
9.677796
80.081451
24.375603
16.281511
165.099030
5.694877
8.451268
10.127371
8.820311
20.513788
23.413017
10.459717
7.761610
128.920914
7.091936
10.604017
12.050773
39.498039
4.831139
11.616652
29.669458
62.200104
15.661857
14.455188
6.526057
48.291729
11.769929
68.694115
14.418006
48.144768
4.218472
8.056546
13.704805
7.282202
15.306185
19.405025
40.223320
11.910386
10.008901
21.169144
11.356126
145.260590
11.552223
13.059394
9.843583
20.356495
11.538437
117.956116
24.579779
163.404373
62.672596
14.509594
11.679519
11.926833
6.259881
10.754479
18.366404
9.295618
12.802024
16.969973
85.252525
12.594810
12.920393
6.473043
8.908428
43.870590
9.688883
48.082333
29.937895
5.320862
57.720161
20.712528
5.456140
18.094614
7.495162
14.373307
61.503029
10.690809
5.380418
9.584476
37.830017
54.882465
9.537267
8.507809
4.733569
161.697479
16.193829
13.632139
9.122304
13.203117
11.687504
8.016877
117.588295
7.469517
7.848719
6.846280
9.749514
29.733280
39.419716
9.078740
106.663277
13.791659
10.022515
9.900578
78.375587
19.028639
7.586463
4.840044
157.036514
3.391627
47.841820
4.561751
13.407288
8.318036
41.471558
96.140144
144.176193
9.436831
128.585800
20.561220
12.897853
20.415356
75.813667
9.726660
11.333529
27.251640
27.612038
36.317074
28.043526
9.427195
110.005951
25.651043
7.738566
32.292557
53.974926
19.494871
49.187813
77.428429
26.884422
13.507029
10.890786
19.798172
10.390779
20.674690
8.783281
7.293809
5.588286
18.930622
19.840834
14.468103
43.149460
12.155857
174.448212
12.865400
8.527399
15.502339
85.391235
112.917282
7.265620
30.640299
130.806244
34.863983
9.569256
11.867121
15.788575
6.439202
24.400566
164.475891
137.176620
20.908951
22.980341
96.825470
130.628113
13.997768
110.371498
15.745003
11.894114
10.048442
42.098042
14.463113
10.617756
17.166641
6.230541
165.423309
11.490162
5.677665
53.778038
14.914862
17.083471
9.531348
9.176340
5.489189
22.987984
3.586375
21.741457
11.119291
9.463696
16.636860
173.726181
14.309177
48.619938
5.914352
68.733269
12.742767
27.458147
9.531514
15.890940
107.305756
47.066010
14.850256
177.011932
145.539932
52.477715
19.565065
4.583836
8.840362
14.274200
20.852940
7.496730
174.587051
16.619949
100.917137
13.438087
112.124863
26.369816
7.837632
13.626730
26.752537
12.822960
20.147644
67.564934
10.700923
47.900677
10.027363
64.505066
6.050607
17.590757
7.229635
29.894947
28.003355
14.544868
19.488739
8.920556
19.485470
163.296188
21.803011
28.809525
28.128309
56.885742
19.597477
9.219019
21.219063
14.727449
10.869172
14.972691
39.496643
8.910011
35.365814
10.347998
67.106407
8.434288
6.595050
4.255794
15.285037
5.603398
35.080631
9.507808
19.518740
16.868620
9.581694
6.845479
18.093136
20.204264
22.132027
30.402031
13.031136
16.849936
12.006315
12.069627
5.675597
13.216004
7.816717
20.365114
34.834652
30.411228
18.360926
7.583880
16.603165
12.972618
134.416763
9.584146
14.087227
8.109460
6.967380
178.164673
19.297615
18.609570
16.279633
16.389442
10.635090
18.811047
5.149317
9.383039
9.041987
14.830689
13.047495
10.215748
12.474119
4.273417
15.930912
41.904198
9.130803
78.087761
21.202290
6.625852
30.935862
19.899818
62.423481
26.638632
8.396399
7.439046
25.392035
9.079516
91.069786
45.284668
18.760574
4.657539
18.889502
21.386425
12.260876
7.910055
9.558687
50.211620
21.207968
13.002090
9.867676
12.465629
21.778008
13.265649
12.103559
13.168316
44.651886
46.410118
27.794878
157.002319
19.409201
12.822837
25.427067
84.161865
21.714243
69.119888
12.131707
15.457457
30.543262
149.056808
16.195768
12.082160
20.062851
9.833467
21.976120
2.745182
9.440733
33.400776
179.394287
14.201008
19.645218
7.199455
24.583305
15.843432
104.668396
5.273267
4.905118
14.338760
22.697287
18.803478
15.674334
8.484296
51.632984
18.059832
154.772125
9.247532
10.493754
28.304699
9.056621
26.521118
11.889103
7.309255
10.663795
11.572159
11.093953
9.734874
8.814268
11.353086
151.874207
4.561064
18.100651
12.751750
14.499801
17.916922
21.725624
148.415985
28.584484
174.794998
23.374947
24.718241
31.885042
18.078667
9.130374
42.343441
16.673927
62.271446
13.913434
17.132513
14.753699
13.743850
36.468975
75.526268
93.555336
7.263141
7.560607
13.004864
10.140827
7.064052
19.233206
7.255697
7.134216
2.733180
11.117247
10.738433
9.054111
100.899483
31.110937
7.656961
13.549420
4.904960
3.705748
5.835851
21.254162
13.732541
33.362797
14.952337
6.968165
22.871494
11.963984
11.154627
130.433090
10.872849
25.187542
11.128100
100.241035
178.949951
4.685192
45.165154
16.037025
7.093260
7.822427
17.310472
17.152266
13.158066
120.195137
86.949921
14.542872
17.300077
11.618070
14.825714
12.568506
12.229561
14.791952
7.873131
103.310646
22.111021
59.434601
8.448301
20.904699
5.444647
12.324669
9.268944
47.710308
5.264202
26.487423
2.299561
13.730086
21.672501
7.293272
8.070730
10.252124
17.773495
12.620812
85.676498
19.335398
12.342407
65.362923
13.423836
37.663910
29.695326
3.229662
14.276675
35.990234
10.932308
28.715254
14.522677
132.150208
10.600469
17.319412
16.840517
7.877607
99.413696
18.267363
2.689296
29.301025
11.079813
19.466772
18.700806
11.593343
