86.092316
121.841377
153.225143
176.816605
38.378956
128.701538
80.242378
151.836929
77.611534
153.799652
87.986938
137.915451
160.400940
172.278702
145.751190
140.794785
171.298996
124.588150
75.138718
78.620285
161.195496
74.823708
105.713051
81.554955
169.247025
85.867477
143.825546
103.779427
170.737122
163.099991
45.181633
161.567413
129.807816
78.650993
163.649734
178.526489
67.213127
70.525024
104.847992
158.853561
84.629593
82.376602
113.648933
129.101730
157.284393
173.856491
103.745819
179.128662
99.139290
166.775391
170.067322
91.663330
158.324249
115.817612
66.376907
60.723751
117.996895
119.798767
101.723648
174.841827
43.400249
166.532822
46.302391
36.208782
90.780106
169.231186
178.147842
174.294495
126.959251
152.322861
123.734184
158.136581
154.814377
141.066895
74.310852
173.071350
174.107559
102.745056
140.963272
120.349648
126.227432
179.489960
56.540161
150.310547
54.655972
69.844269
76.790092
155.343231
168.492203
119.450180
157.150681
178.607864
135.593094
121.325829
28.138817
150.985306
55.829754
12.556708
146.348358
132.634567
179.697495
151.878860
169.623566
153.696686
150.068649
113.808540
148.112427
172.408295
90.971512
104.683472
130.550293
86.266449
101.639061
177.314865
27.300888
130.721039
165.667557
139.418793
119.357605
130.325226
139.308014
160.637558
45.191391
77.832336
151.656494
150.676376
147.173035
143.160477
129.827744
155.977631
166.154404
156.922119
104.328896
124.514313
177.499084
86.533501
70.487404
114.900208
123.609421
59.546127
165.721909
172.214966
124.437080
149.188828
89.349068
112.754417
173.277252
72.325073
61.845119
118.778496
144.762527
122.070786
127.868660
126.874680
112.566704
156.055832
133.785172
156.179565
176.777039
54.995293
31.688255
167.992386
149.876266
59.012817
88.945747
164.381256
141.745667
139.644241
118.393616
150.899857
163.324051
160.782516
170.590103
49.393833
79.448418
67.908859
57.613129
128.431976
154.758331
52.733284
114.227486
88.530426
78.779518
120.071854
159.794174
106.098541
149.077728
97.969795
58.580547
103.856682
98.555717
73.921051
121.297813
71.047691
155.780441
153.976227
174.002228
171.215073
133.510590
123.026306
161.291275
164.726395
79.402016
166.359940
76.668472
20.258976
103.623245
176.404800
175.719376
141.708572
171.704865
77.116577
112.744453
150.465790
87.449516
170.516235
155.212234
165.004532
160.004333
176.111145
166.028549
176.193329
174.618866
157.303680
175.980896
98.666679
119.144760
178.251846
171.423752
162.155441
115.496582
57.159203
152.355240
83.913361
93.625412
98.525551
163.557846
148.700470
171.510971
146.829193
54.024162
155.188446
90.162582
158.627975
96.904396
69.581375
140.306778
115.415176
55.821285
155.092407
151.403122
144.880432
122.107628
113.739281
89.205452
173.043549
131.149841
151.355560
123.610023
65.167473
89.523239
165.049988
107.629135
68.956039
150.959503
121.847137
139.871719
53.082417
167.365784
121.895576
170.431595
41.653419
64.560959
112.196312
110.255821
176.480896
175.644791
176.869339
74.818466
96.592140
137.436874
110.431442
121.609070
123.704895
173.692963
177.839706
108.310081
160.944168
76.787224
83.946281
139.459259
176.021713
153.153259
98.978004
172.645111
115.755119
50.275127
160.961029
134.375900
106.929718
140.837646
173.030884
48.721409
122.452919
109.007317
176.360001
116.899948
136.294189
132.130127
148.143646
158.824829
31.573421
165.686661
103.212097
115.472084
69.739891
79.341995
163.454910
109.152061
175.766129
86.202927
36.841900
158.399384
142.475327
69.071098
109.850128
174.953842
111.312881
92.981064
106.752403
89.718941
25.045336
163.279129
160.584442
61.347950
132.026093
149.959000
162.070099
42.362610
153.989136
126.892479
62.509594
108.205376
174.662933
162.308990
118.943474
153.596451
125.859123
27.445333
100.687347
121.801086
159.774277
58.754082
173.017197
141.412384
148.302582
130.348801
106.962135
57.689598
107.864555
157.110687
170.197342
123.139328
176.060669
141.688522
171.573868
135.071976
107.904701
74.119019
150.717743
69.730499
115.185860
156.309601
164.700409
56.580006
56.811974
51.371918
90.582954
127.923141
108.377983
157.900040
158.731369
172.366974
71.111923
84.051552
177.971252
169.768890
121.438309
160.890015
63.418762
99.566376
117.471909
147.320343
56.848934
99.680466
171.078613
137.484940
138.978058
67.633080
98.959541
90.084862
126.356758
100.209930
163.006638
111.853935
127.728386
151.778809
131.045334
171.750168
28.008690
133.916153
163.812820
142.094788
140.674515
123.316505
118.850380
137.147751
165.638885
122.074364
64.346222
59.040371
131.572571
157.294235
172.865448
173.015915
112.011803
168.395172
106.360474
125.078064
154.694153
84.086670
83.902374
72.247849
131.123688
126.546555
153.152969
161.073212
73.949455
145.942520
137.938934
83.111694
105.088905
144.875137
178.841370
147.191971
102.253899
175.991653
127.997299
172.374847
126.982811
140.816879
135.284943
166.275040
62.486919
106.871796
138.376450
164.814911
159.600372
91.773613
111.184807
94.134476
80.233810
25.824524
143.899307
122.751755
151.782852
104.762283
149.219162
161.950684
174.718079
70.415947
127.353409
93.191200
93.023804
148.128479
141.377213
46.167236
19.281433
111.341942
151.195557
136.357956
151.390930
179.486786
172.503662
179.689621
154.411606
154.160461
70.934128
119.254143
168.250397
130.529541
138.656982
162.424561
77.984810
136.900391
177.806732
152.119598
83.093292
72.229744
166.624054
168.394241
154.298950
110.723381
163.364120
142.903259
156.628433
164.479553
150.532242
158.210068
89.539299
86.985603
131.247070
148.444550
78.355095
156.065887
57.188412
103.882126
179.146149
110.996452
69.159744
141.046768
109.060272
170.315826
77.934875
128.994156
139.703934
135.798187
142.191650
178.966461
99.008438
170.657425
163.744720
179.121399
75.907379
93.983719
169.684235
94.585381
117.619865
130.393570
128.488281
140.316864
65.138298
91.804375
133.052673
152.238815
89.750809
157.787399
114.834366
143.494431
173.981613
173.595306
155.599731
166.413651
103.369080
174.138748
123.503159
136.705826
158.354828
148.700882
39.850933
112.496559
151.548508
161.797913
116.439095
138.206268
15.842145
156.942581
119.643951
178.428375
53.090374
136.911240
171.265198
176.824341
175.852875
94.495850
140.401718
151.764404
169.591080
115.270859
134.485580
58.543530
148.041534
158.443222
129.853729
164.507523
110.830894
150.902817
145.895340
133.689178
89.394127
135.008804
163.308502
157.658005
167.553482
22.545204
111.523964
173.577606
70.992317
110.007751
132.152466
168.181686
165.196060
158.447540
119.868652
172.472321
128.688873
148.977493
173.003387
135.353302
171.021561
136.439957
118.921837
159.468246
76.031113
64.697617
147.528992
85.132736
71.543083
114.233963
155.028320
163.334167
146.232529
106.582047
176.110046
46.954514
152.138382
176.337570
171.378281
86.024841
43.759418
147.809738
140.416443
139.949188
139.886322
142.967758
103.986694
170.488373
176.736954
114.510284
42.495346
143.794312
99.259636
152.652328
122.319321
176.437057
70.793320
102.166466
124.299767
118.084610
170.399399
177.962341
128.361023
164.069489
90.793793
145.875198
47.307793
141.916916
155.774429
139.572250
173.674438
32.229546
168.910797
165.298416
164.874512
84.126160
165.889420
63.403973
51.010242
156.338821
105.258240
129.100082
168.011017
126.113754
83.925873
152.302612
138.980408
178.210602
127.829430
67.973976
90.196228
135.285812
60.384319
83.240883
106.438210
126.797440
145.112183
73.176659
91.632011
172.009323
167.185516
116.037926
155.694717
124.589409
169.387756
162.372604
111.925850
56.608318
175.184464
112.953979
101.296814
163.326660
88.019485
47.115463
130.944504
179.753815
166.024063
177.184708
147.039139
92.790001
64.553421
115.169891
78.642120
178.730377
116.138275
163.797363
123.495308
120.304665
51.105343
55.691399
173.546875
151.810440
159.160110
140.248093
131.247894
121.673882
75.097137
171.719116
154.738922
138.346695
168.812515
142.144012
31.520754
142.618530
98.715378
28.616669
103.622833
138.331207
179.822906
168.468704
32.180096
176.978195
174.400497
102.341866
117.563423
147.288361
115.979897
127.971329
36.980698
163.711929
129.772064
177.926712
142.929794
178.514389
76.521355
172.118896
151.509293
163.249954
117.025177
57.930138
158.685120
122.367012
138.264282
155.393814
150.556259
55.367691
164.153412
142.115601
163.148254
76.641586
45.649937
118.388809
124.378609
126.559395
161.965988
47.242641
105.040138
146.760086
62.160278
109.092728
177.532257
72.235710
126.513145
157.777237
91.666275
165.837357
25.284687
149.317352
162.811966
93.244499
160.691208
92.800453
86.742073
101.256294
120.526566
112.484009
150.632645
99.706108
150.328812
100.533012
139.229340
175.460587
87.649918
112.003014
69.977028
122.712662
169.955841
179.332764
175.506332
99.620911
126.141701
148.678314
114.551872
110.145569
172.634827
177.291626
47.967445
174.939972
88.831635
55.662777
146.189575
145.754440
78.065811
166.852493
174.765488
175.560257
118.834534
173.804733
160.714981
177.948486
161.362640
61.865166
161.271835
153.123428
122.262718
129.149933
130.678986
146.449493
116.820038
166.185776
95.853996
114.282616
146.184418
170.490158
141.543961
93.808647
176.188934
162.840622
54.119099
142.033829
51.363316
