90.972115
148.459488
101.523476
21.235416
132.442596
32.745007
133.490692
134.136719
55.392883
35.485989
54.013386
59.923515
116.775398
146.117126
116.961395
46.774525
129.809418
30.478680
72.803970
82.521980
161.034088
39.586319
30.792145
167.838333
38.588326
90.000916
124.161018
80.620720
117.132286
22.585979
75.215004
60.383854
11.076275
19.266417
169.076202
60.280659
155.810120
52.758411
35.771645
175.574585
71.686523
9.694542
75.741577
57.242134
129.827789
66.283302
119.370865
96.308861
162.104691
45.080891
64.078568
20.650621
170.263794
126.148697
29.804783
129.518066
120.639374
79.548233
84.506607
35.080364
150.848389
173.896744
140.508896
12.591199
168.029709
25.976700
158.484406
93.952904
64.313660
132.257431
75.179619
113.422340
56.993015
57.561928
169.984680
112.600395
32.265869
124.539162
170.374634
114.014290
127.469521
25.870518
146.702148
104.639297
130.144531
47.776390
150.152481
30.205997
20.458052
178.551910
108.627174
109.823143
27.254137
35.017147
51.777737
61.501129
131.479919
7.935167
59.575775
37.607098
132.247589
80.227768
145.095306
153.090027
128.549911
23.308634
90.974060
13.164025
73.525337
143.923859
156.632263
24.870663
145.690018
147.577393
9.279419
172.368134
135.589386
118.562202
29.406347
29.598333
73.353859
150.327271
165.969940
141.060883
48.502361
179.887222
56.339527
85.475609
88.755257
136.789307
141.535324
99.292587
83.966042
90.566055
32.597576
94.154816
26.218409
168.003387
57.323986
168.778229
11.786173
82.496284
109.406006
93.552116
178.507538
107.232727
87.733452
42.318432
115.327301
123.243683
103.351578
171.312759
141.406097
147.482620
27.888849
110.182205
3.521173
58.581394
12.683172
119.694267
154.863327
98.630974
172.483322
153.915573
68.438644
175.050873
26.931776
76.514084
53.497963
95.282303
83.923836
13.190753
179.417511
68.225288
18.861134
46.225960
89.662041
161.581940
171.502228
168.535294
128.222260
177.646576
54.998196
166.606094
103.540985
58.401146
21.281853
128.010361
18.759567
28.952518
61.181438
154.138275
36.043987
100.598740
151.037155
52.735081
112.488022
64.566093
118.943283
179.131134
45.106636
170.847687
46.235844
176.126190
17.855721
11.477670
70.817368
27.591166
26.711258
10.888627
25.066433
130.052170
16.013063
37.449436
10.153185
169.928314
26.920654
109.329956
11.747526
24.588024
130.586548
11.175479
125.818840
166.858612
168.476212
152.906769
120.527031
111.748169
159.499985
87.382439
43.386543
69.224365
177.384018
175.410309
59.448044
112.960281
44.561520
68.610664
12.872652
74.925400
168.776917
149.593231
125.429886
37.692970
21.368898
20.979561
25.676016
118.943527
109.243217
130.732361
175.849731
14.074409
100.173424
146.387787
116.466904
168.985321
163.584366
139.789551
87.078857
101.484253
25.352224
131.415909
173.239410
164.693512
159.832275
163.956161
168.705719
167.633560
61.863472
61.506683
124.010468
14.299631
10.635975
22.340441
75.482132
73.212883
161.220413
96.462029
114.020668
15.831882
48.303051
99.550705
38.145515
108.896881
145.009537
132.952179
135.970001
125.514458
144.188980
104.614952
54.079632
84.007263
133.220596
21.761295
109.454536
177.174026
51.358383
140.334305
93.169182
142.942703
164.125229
43.010883
140.120270
48.166695
158.477921
102.595818
157.673767
70.900223
134.569626
21.872498
140.933853
16.760332
16.462263
110.534584
173.647675
136.493820
149.005676
94.617500
122.403145
109.746521
155.988953
143.741348
178.929077
118.716316
58.026066
69.656601
167.432190
144.729919
153.056183
46.355621
76.370186
14.391423
42.972828
23.825308
18.606319
160.168198
50.096191
127.500648
124.453171
38.231583
158.409760
86.286911
133.620468
155.025513
9.881405
21.707132
174.827408
54.084831
5.051225
158.894882
152.017303
162.947388
175.406860
12.647939
167.663223
162.918716
19.029425
170.567490
142.829437
42.198532
8.015607
119.563644
171.976456
107.845848
20.314903
45.504395
178.057114
32.041332
87.869965
142.895035
15.694307
30.490160
174.920364
168.601959
179.010696
176.226883
179.800049
29.301130
150.580154
50.316830
19.945936
90.543472
145.577728
160.697647
130.724274
158.452896
142.839798
170.770477
30.903067
30.297819
25.247055
26.042624
38.699280
159.731796
41.317844
15.411068
148.296799
142.807831
43.055862
4.331461
117.670181
81.151871
13.623102
75.470161
83.683075
53.125195
46.892326
48.811974
2.860522
53.745892
6.964794
74.801575
72.117157
64.468994
30.078857
83.515106
27.012112
145.120331
16.172527
110.617836
22.247843
100.186821
52.719532
107.422707
73.718628
108.202675
24.454870
39.019978
156.042145
96.638351
177.772217
147.813095
12.400849
78.334679
173.394745
25.419991
90.382866
55.145741
172.237747
39.578064
125.725624
167.633057
95.578491
85.845543
92.398407
122.432625
43.209251
165.267014
159.531219
55.687336
166.889877
157.155075
103.194626
138.294617
80.965370
19.747412
70.770683
74.038826
66.978279
19.415924
165.373657
174.052902
142.360199
36.758507
56.165863
141.172302
82.603203
158.017960
16.363113
40.666153
147.955948
34.316822
23.093557
93.385635
175.542725
90.970619
50.104565
59.748188
119.144585
84.255409
26.231564
49.935753
88.375351
31.113102
31.878876
82.517303
21.973612
109.618835
139.298462
29.232975
166.256104
61.687397
177.756821
69.074219
37.489422
53.075432
156.942444
137.249634
136.706863
46.943829
77.474998
55.405582
31.674515
23.781597
152.953140
20.980047
41.734585
88.594063
99.098221
156.440659
153.554337
97.215332
163.603317
37.507648
75.261749
71.399590
124.526024
25.673525
33.990940
107.735153
76.547318
32.890026
173.554886
23.085434
44.841297
70.516243
27.099186
39.349037
169.473419
66.585732
53.615616
28.669083
13.455006
23.563015
75.063736
34.856186
19.069504
73.044205
109.434357
179.649338
46.112907
91.000702
29.753187
30.656712
44.112751
52.622814
165.972488
91.833931
157.418274
22.128111
158.644882
66.872017
152.594421
55.471100
68.259132
74.005203
120.822899
136.763992
29.127172
64.167549
45.276611
176.768539
22.244762
174.183304
42.760075
21.251719
38.896240
26.843878
154.947723
153.199493
139.988083
65.951698
62.398773
18.683815
86.637642
53.535866
28.539768
125.448257
26.461470
37.224983
164.023071
156.861847
69.281616
162.291763
134.332642
28.704733
149.026703
22.565599
154.874878
140.074417
146.720093
120.464897
166.141098
98.090729
93.567276
155.945038
24.831524
154.568222
9.182914
170.790131
173.467041
33.380856
16.331984
79.040817
166.318710
48.123497
8.386225
29.198309
176.813446
174.980698
35.381264
124.941734
162.195831
103.034607
156.341644
24.132378
147.902267
135.021790
154.850891
89.292992
159.099655
168.367126
147.156693
108.186012
16.257812
43.016396
39.496498
14.683953
51.122089
36.464741
141.239349
144.765381
16.229095
139.569046
20.614656
172.511124
11.398502
17.297806
15.981158
60.791256
68.075264
27.325794
162.237991
15.797377
30.190393
90.202156
26.667431
146.684540
96.561462
17.350960
50.304718
25.290213
109.742226
136.926025
15.244978
37.153137
173.557159
101.284874
125.413170
29.123043
56.312725
56.541012
162.449036
151.607254
8.169514
177.884979
23.050386
23.091307
69.116669
24.680302
173.813782
32.008472
141.586365
166.216919
49.691689
62.439095
26.155363
79.349030
161.288467
74.625710
148.547333
144.617004
81.275230
174.502975
134.419388
43.201569
123.002602
19.063892
165.922150
166.432800
168.887421
175.415726
77.901321
41.521065
174.432053
131.753616
61.608452
125.651512
158.411118
147.794937
48.700020
134.864273
150.444778
78.365067
78.760681
63.408630
126.080803
14.038068
7.104073
167.311218
171.444687
97.720314
25.316500
69.085487
81.776192
168.282715
35.762150
31.850058
15.175150
127.353241
42.279778
48.840855
30.083071
75.328659
100.055428
31.929821
23.210238
118.446686
67.952965
57.981098
179.044067
134.252914
154.000824
15.558098
30.156462
14.226130
125.513176
49.141068
52.564442
107.391098
28.429773
176.740540
162.646332
23.862505
166.193405
97.183128
25.073702
25.010691
161.224457
32.651173
144.736649
13.964433
82.309929
116.997543
125.737244
84.450226
18.408382
32.080997
109.292839
75.773521
116.632263
163.020370
159.648087
70.004150
43.619766
34.569160
149.156982
39.822342
137.441193
83.942863
44.258938
44.774937
32.299995
57.115517
26.713419
121.352745
179.862427
15.248427
100.757523
23.081919
136.094620
177.108215
175.982986
48.948399
118.820381
49.081688
84.617523
25.425114
8.215601
13.355463
14.341115
38.204796
15.191231
125.320305
129.476044
150.543365
147.750153
153.824203
18.268826
25.834425
56.559437
174.773666
18.891289
99.792870
164.217773
44.116371
154.008896
115.593323
148.761703
47.323318
157.289490
45.237095
73.829338
35.545624
16.731157
118.510376
60.349617
134.081741
68.740608
87.664879
57.413780
121.746712
100.617432
101.698097
71.074821
14.223371
142.085938
25.636793
21.226074
41.665962
57.532860
177.059158
106.021362
84.525833
20.107424
43.576561
159.370941
127.242607
78.827477
108.874992
72.875114
161.772186
95.040993
75.685020
169.059891
151.745300
132.490875
104.049988
16.593653
133.052063
