33.369961
18.025419
7.754745
13.387790
7.012197
33.836067
105.732086
29.360321
4.742987
21.409382
19.285631
61.898533
47.669540
25.343445
19.208170
14.699714
127.261665
19.651745
8.995946
93.698280
5.225089
9.314312
3.717980
45.870060
81.638741
10.820023
68.167603
10.351858
13.047737
41.644329
25.751923
9.582186
2.526001
29.023609
169.777313
81.790199
24.504353
20.544298
40.237583
18.675060
64.019623
47.281876
75.579643
5.172377
9.723437
1.924103
24.940125
8.254697
13.883854
163.949844
8.125865
52.358173
22.107531
10.179704
68.506424
17.512501
10.833488
36.841297
18.922728
7.051846
6.810842
67.993492
31.335299
24.922092
11.414860
19.776266
11.690322
8.684251
10.773995
147.511856
148.314270
7.950651
120.152786
23.689497
9.838326
21.868536
74.587135
19.661947
21.870335
72.612671
85.913513
11.241435
106.697166
10.470277
8.657144
16.451334
36.234356
59.569675
14.341059
18.175137
63.761269
24.659485
38.147984
6.183990
5.068246
13.119381
12.052855
9.119125
17.939499
6.513205
13.166884
6.283479
8.820043
139.620865
10.975676
18.224415
128.492996
50.151833
32.724983
2.921175
9.280518
87.169380
146.738434
13.952516
27.258396
5.129208
21.239086
106.897224
21.850487
15.749191
11.672669
62.861553
11.354745
86.661385
11.177374
22.883583
12.713005
7.621073
17.063316
6.972548
12.379902
8.321144
14.454266
41.044701
15.218282
12.253135
145.205078
148.760880
48.421856
7.701229
8.450063
162.289825
60.446918
12.275578
20.410923
42.359795
26.058746
41.337025
36.256092
10.105371
17.121458
14.304240
13.208879
9.596730
64.690033
5.165713
16.823717
6.937754
3.581570
92.733696
9.015433
4.952139
25.130747
17.573774
10.866071
82.485466
126.713524
29.221306
4.500936
9.205921
22.372852
15.308236
58.999798
3.186472
7.999564
11.509727
143.704285
23.254778
19.281881
37.018215
155.165176
8.116991
59.811562
8.483742
20.968115
12.363864
24.659454
179.808395
11.474936
5.835315
22.622606
2.335698
18.958637
5.506422
10.947786
9.697533
14.416973
10.967243
177.536987
11.133736
127.659851
6.138618
24.682922
21.757750
168.497574
130.959045
27.387665
157.518127
9.553193
5.138358
4.335255
5.282613
19.785213
77.433540
7.742108
14.795084
175.784683
74.103058
11.353020
160.650208
160.632141
10.504207
8.259535
6.268632
10.851418
19.553322
35.054859
14.933113
9.639666
167.735840
7.002585
61.931534
177.426636
8.679196
6.217582
22.054102
9.926349
15.781464
16.303396
27.741852
23.809919
12.115409
14.912126
8.686956
14.966348
16.519413
5.883024
6.766660
6.597543
36.426254
18.630342
11.867583
98.589294
6.242093
5.075963
10.299714
16.014093
13.986328
6.069731
174.630768
39.369179
14.712361
72.166580
7.471404
23.079973
15.836792
113.212708
13.208760
16.401466
16.808208
22.733982
37.754345
10.709049
7.407815
37.565388
14.075581
24.211937
9.311198
93.471748
17.474144
9.378027
19.805002
15.170080
49.618290
18.780554
8.298236
15.040321
47.785847
14.251480
26.036074
11.820316
72.900116
49.965385
5.371388
14.644456
17.510616
142.392456
139.156097
6.161409
6.877439
16.800869
8.316624
8.605498
3.030857
13.289988
5.849656
5.489189
28.577097
134.436584
19.280533
7.084975
18.171246
10.536243
108.832138
11.541631
26.533356
14.740715
12.272256
16.750254
12.119163
17.192753
6.982089
144.812057
21.606974
17.162064
6.125720
25.347742
6.694052
162.232574
60.568687
5.925860
11.462700
11.454627
7.285428
43.710747
23.572950
12.443527
133.686356
14.902016
6.345980
18.476837
32.648670
15.978062
10.951866
8.808933
11.519669
115.901283
26.603474
4.486824
7.777740
15.288992
50.485428
70.375938
0.784341
11.075992
14.845076
10.646214
8.340514
37.526741
34.724289
12.737411
8.649358
159.587158
5.731470
58.985687
5.657771
5.905874
10.491962
4.405297
7.310005
5.599344
22.040743
3.554364
15.878087
40.006527
4.987113
23.329283
13.734371
77.810165
11.529532
9.901291
29.155628
55.239758
32.850368
15.841006
26.605434
5.329242
7.707328
58.204128
5.976517
6.598137
4.098173
13.744763
73.280464
25.810768
25.464033
11.148371
58.539268
81.295830
13.971565
10.513232
26.456160
9.595015
9.329357
58.299793
63.435562
11.049064
5.667036
8.904205
8.422949
16.430315
7.971313
59.969181
25.225668
10.803638
6.679412
16.234222
5.246771
11.669580
5.351528
14.686359
36.805656
9.659237
13.243159
19.898315
13.518003
118.846611
12.066379
7.165871
45.244106
11.022284
161.437836
13.772819
87.649231
7.130702
58.503239
21.395920
5.984241
16.618721
21.482729
7.261091
73.523659
108.101486
34.982212
16.240946
14.597811
4.908789
5.009045
114.857628
23.215706
75.549965
12.228793
19.841745
7.420492
11.329793
11.062890
25.456783
28.381168
6.655570
14.131938
33.123665
28.001040
7.777036
117.356483
12.856678
113.553619
11.522322
10.291645
40.214241
9.046146
20.487303
44.088482
13.182843
17.258474
6.065601
9.486603
5.503435
39.765324
27.151434
9.191868
57.758324
5.020442
9.815681
141.044754
18.391853
17.163391
10.388062
110.883682
22.252157
177.586487
46.796204
23.646631
14.320854
100.990349
76.458496
123.670593
64.744301
22.315323
139.319351
58.664757
172.601196
150.923065
5.398433
10.902585
133.095612
15.804335
12.761770
6.067408
99.562660
5.722994
26.996317
19.037066
13.846902
6.355351
77.539421
7.542768
89.035759
9.890520
8.255171
15.265458
8.449228
12.624354
75.559067
31.834276
12.848501
13.402370
10.834356
9.060167
107.083473
10.252658
9.042161
52.313255
9.288197
78.741768
20.878742
159.622940
14.109989
11.985854
8.312949
4.105997
14.872915
3.478677
11.218468
27.929041
173.296616
120.448875
5.929822
60.605568
12.164821
26.922182
15.253264
85.141655
7.437993
28.027706
26.963316
172.355194
6.142826
4.235141
9.709242
72.384705
15.042878
11.296740
22.348761
11.773393
17.753851
7.877209
6.957143
148.820343
104.060303
3.423788
7.464272
6.719041
8.317943
12.218014
68.310867
18.247559
110.769974
13.013426
15.748993
13.831197
31.254007
84.626541
64.981697
10.569591
16.676563
157.163895
10.624619
11.351085
12.913531
13.033241
75.976158
20.280481
8.683167
59.390644
19.634125
28.617279
14.145701
4.344095
105.574944
128.290756
22.709846
10.013363
65.628647
7.298103
10.070411
7.035056
11.699841
104.745544
7.915103
16.245441
8.613325
16.646204
12.841113
11.884089
10.425265
53.447975
36.523682
43.731106
13.251330
12.948713
17.741278
16.303782
4.755352
12.362723
49.454918
37.471138
19.437138
20.839653
127.481087
48.967297
8.388652
17.165176
42.794426
9.038261
14.951024
100.942711
8.816668
39.459534
54.118290
12.687129
18.860840
15.909705
13.172842
97.765694
131.063751
43.288540
15.061289
72.842499
12.346348
48.673962
136.168045
9.394640
66.848770
64.549042
164.499268
140.020981
28.397379
25.542078
41.310947
16.388199
12.302826
16.098454
20.243553
10.512186
120.199356
155.630630
15.643248
18.676912
23.504202
18.702152
10.907615
6.210777
8.956493
21.900238
21.998468
9.188627
13.657497
10.465485
15.387772
83.106514
17.398621
8.113130
70.018867
8.145123
30.206598
30.170477
84.747749
13.563946
16.015467
52.240929
53.300194
28.438089
25.041019
11.951001
159.253799
8.816401
43.107033
60.980492
103.348526
158.473602
14.884098
57.731918
2.095837
20.335112
12.377685
7.805887
21.769291
9.606932
11.998345
26.448963
5.118206
21.475542
18.526888
21.186691
126.267281
9.931637
15.345520
10.233607
5.379836
27.404827
135.522491
4.417188
22.126934
28.108288
11.948050
20.414972
36.486389
13.580536
27.326546
8.200140
32.329967
4.701374
23.706560
58.589024
33.365532
29.642076
5.961168
9.680387
8.688128
80.504944
7.967775
51.945103
36.446133
166.393463
26.977114
15.446075
18.964233
9.754254
8.995772
59.372032
13.430964
10.693449
9.212983
14.956379
29.649710
11.492617
58.371170
96.277855
13.851886
14.229548
120.342445
7.645495
41.217480
34.342396
9.679334
7.587289
39.628410
17.504871
14.896801
14.320415
26.983261
12.416903
164.771088
13.884023
8.868234
134.688553
42.152477
166.084686
59.326111
12.774672
20.737780
15.202076
9.444302
10.712415
48.687115
15.612251
15.006833
16.718758
9.691147
7.180394
14.559646
172.762985
32.120060
27.279665
20.546175
23.400896
11.814610
16.517893
6.293441
173.777832
32.042713
43.871452
29.085560
8.071507
13.470448
34.060902
32.353096
9.346224
10.532522
49.694241
15.940276
23.287661
11.858991
11.406479
4.593902
10.000677
14.427258
25.122740
13.177724
21.756447
9.309263
1.743559
16.982004
12.122396
22.668491
19.121469
16.026592
7.991825
17.795366
19.689129
23.739063
12.713868
7.933490
25.556623
15.418096
13.730885
2.573280
9.196980
11.980555
15.999768
9.832272
9.685323
17.022755
45.178860
15.842195
110.661697
8.492602
47.207062
139.562866
72.530144
