10.213445
63.806599
15.747098
10.588188
23.876575
9.916239
24.201317
24.403475
100.820572
30.641102
20.190550
51.197418
58.195263
30.431479
11.023849
165.909073
39.063206
20.958992
15.077850
9.391888
12.355428
7.224975
2.590258
17.988802
33.735680
168.354858
66.354187
25.079773
14.378601
39.210896
21.261944
18.306908
13.527460
19.862946
159.195328
14.023138
12.552959
24.766254
17.129669
2.853123
27.216450
11.252097
38.020306
29.565292
99.065765
11.718122
4.557802
78.795174
9.060860
9.746298
11.987620
19.415436
9.252276
165.374435
7.337809
13.988852
171.071167
15.143721
19.122375
12.788907
13.451915
10.208764
10.680687
4.864569
6.781919
13.256362
13.943291
20.771299
112.702545
11.383843
29.971302
16.568264
8.084694
14.959527
17.488976
87.765358
6.216070
11.197136
169.844727
13.359575
100.076576
15.025649
19.049660
18.405695
12.718925
15.282264
124.683937
12.221094
16.456345
19.045364
12.752426
95.293503
11.613073
56.948940
4.398896
14.793224
165.998856
13.220038
15.151336
52.620739
13.240494
10.727917
12.737535
14.049187
16.087038
9.246175
12.610680
3.414401
19.147072
5.937740
14.665664
6.026228
8.753618
6.564343
5.883557
9.258286
24.415623
68.465248
28.751232
12.429401
41.945229
5.138968
10.009996
6.980518
11.139366
23.243963
3.376824
23.857914
11.066928
10.511069
10.544125
18.476070
5.242591
175.635818
29.479511
25.508003
13.189741
15.326889
7.463433
10.933959
18.902983
161.739868
7.087627
77.399757
65.404457
15.031551
17.626099
10.506072
7.732694
7.560815
9.585374
100.194618
152.055786
19.962297
47.830330
24.458059
131.848740
14.881566
12.477890
6.631995
14.581944
14.819464
18.887045
10.091557
12.811211
84.299347
15.761849
21.007643
33.747002
26.489862
8.943451
10.943419
16.921669
76.337646
6.098560
16.288170
11.307697
18.418459
68.931679
22.056105
23.907495
13.508425
74.583237
6.146140
19.637409
4.308083
4.905438
17.505051
6.925665
6.838153
5.650985
15.397817
30.171690
44.432968
38.195774
13.296598
3.118687
10.153572
25.185287
14.234621
23.541462
7.223349
35.166836
12.041529
6.039857
6.687498
13.866210
22.845816
7.341330
5.438171
8.163758
10.894458
11.354676
13.552488
3.710393
2.122188
9.731171
53.867607
6.067150
32.113346
15.081600
9.513986
36.301552
8.033276
1.818274
13.349707
3.811756
9.402143
15.569195
11.960577
27.505650
21.654366
14.144258
49.051270
121.570679
175.613983
124.696678
118.299118
11.956578
1.943128
7.560400
16.514896
24.680393
32.764820
13.291997
5.010920
17.367977
121.815964
14.574892
59.353714
8.357122
10.800154
33.979538
11.243526
45.135952
20.781338
23.650902
15.165216
48.431511
23.843966
20.058262
29.702888
170.607300
24.386599
53.308147
15.422880
156.289749
16.259504
74.139114
5.716150
155.831284
11.299861
24.282444
33.806530
10.529247
49.843552
10.347165
8.666008
12.793199
11.785840
21.428715
53.266552
23.840029
3.219466
13.857551
131.980728
8.120947
171.890610
10.977960
17.143837
26.699337
20.493946
14.459585
14.395729
13.464506
79.879250
39.484592
60.245987
13.289988
13.684238
14.387550
10.587966
48.663036
22.825804
135.275146
10.242639
16.502764
12.529635
159.741333
8.557570
12.062154
10.001068
15.350535
43.041649
5.450397
13.481509
13.096640
11.772127
82.136909
143.954941
7.512073
19.068722
10.928365
115.986603
28.267885
111.566971
21.529768
11.000003
13.175939
10.084564
123.105400
16.224836
14.140597
16.548435
15.677740
179.006348
10.150792
68.908363
73.077003
26.685375
146.759369
9.577604
13.992834
9.201070
6.811417
14.878771
16.417452
1.541512
13.848884
98.030266
8.721878
56.820129
12.582164
37.859127
6.499362
4.826275
16.538038
93.946434
14.201229
14.216583
7.504770
36.660793
13.151150
58.462135
8.450526
149.433289
4.277628
11.476097
11.066999
16.800358
15.028888
35.937405
30.747942
14.685239
9.345552
13.794561
11.547741
110.204422
5.763758
5.600603
6.073213
12.971831
9.254816
117.474670
27.236765
160.004852
130.998199
12.008273
7.300141
16.393805
8.057324
6.804170
18.487555
2.693659
14.447262
16.819654
67.236465
11.912033
11.856215
10.778141
14.623274
19.181622
11.142673
78.247513
16.065495
5.633361
58.847683
15.868343
4.459697
10.058498
5.300516
15.552698
71.299622
10.970246
10.460391
12.975580
36.685154
6.329175
8.081399
9.582103
4.908629
170.993790
7.385473
10.305649
11.773792
12.091825
10.050158
9.539484
131.831161
4.886569
10.245700
5.663995
7.582434
33.051655
9.808731
10.845927
72.332809
9.791460
8.953169
6.975131
171.578690
6.960407
9.998482
7.963841
161.061737
5.894461
36.933697
10.864412
16.554132
9.013349
122.845963
46.130810
70.530342
14.011271
115.197105
18.682425
10.645918
16.803162
82.134102
7.987412
13.367970
10.486209
11.281947
39.657898
11.543668
21.692366
103.446419
22.584686
9.408475
25.755325
34.676266
19.622625
26.025461
31.070463
34.833328
9.673503
9.098138
16.820074
5.761176
27.529829
11.927227
3.320723
6.425323
6.941591
33.450844
34.413761
12.944351
5.201360
173.429092
11.183825
8.864699
13.681601
8.512043
72.655052
7.040286
25.809299
93.909157
19.255884
22.332014
10.579300
16.750534
9.812965
26.069651
172.494873
92.562943
23.114944
16.103674
44.563698
13.971622
38.097832
134.465652
14.776609
12.567196
24.655550
29.731367
14.016197
6.645325
20.108755
7.413418
10.900571
13.055910
5.371097
17.894276
17.398935
16.293375
7.839130
9.251005
5.863426
33.072807
8.681634
19.876720
15.067852
35.392994
15.072644
167.873016
12.276791
30.963869
4.465486
116.697380
13.076021
24.629307
41.271954
27.019979
42.403236
36.715961
15.982580
69.130150
76.205505
42.871284
19.437664
7.885756
32.805748
12.397247
4.331281
23.956678
155.034607
12.981259
82.687920
12.335989
111.849174
26.433912
8.275265
15.873635
20.835684
9.220890
20.417284
27.818016
10.093653
43.829762
13.113639
14.099473
3.389318
18.687222
8.104532
15.683498
102.527214
24.839336
13.439080
5.565260
7.238945
137.768158
17.145164
27.770674
27.621597
40.669868
16.564707
12.085600
21.757460
14.441231
9.952210
22.190878
11.861504
7.628059
9.541537
14.700567
80.249802
2.621796
9.126426
7.800265
9.700199
3.453156
29.216461
10.595883
17.342714
13.631334
10.032207
10.960524
18.210478
14.929011
21.891748
11.929331
16.354136
17.118795
18.651009
15.392413
14.319976
7.804482
3.021545
17.171812
24.441320
33.123711
21.908684
14.394148
33.231316
16.305565
131.255432
9.735115
11.029535
6.461419
6.251870
179.192612
21.434887
20.107033
17.640936
16.459352
5.584502
8.677481
6.691713
6.096762
8.302388
19.495275
8.311913
22.632460
9.670506
7.251485
5.379399
67.632462
9.669290
17.874634
20.493063
12.473616
18.391768
14.462569
68.523575
8.267688
13.377238
5.838266
19.634525
10.778432
75.008110
24.277088
18.675608
8.363682
65.210464
20.833345
13.632544
7.672800
10.784613
38.266357
14.632394
11.518647
6.858396
11.283824
32.092472
15.207859
37.251106
10.235060
26.715252
13.825809
26.580162
92.618019
17.581551
13.834941
23.708189
119.775871
16.830767
55.299114
11.776190
13.789214
31.176352
43.438931
16.660353
11.923282
16.160675
11.353502
27.340277
4.026680
13.111964
14.090121
177.905716
8.649993
26.806658
7.698584
26.930159
18.816355
41.286003
7.903616
7.749086
9.784815
19.797970
28.754450
14.905651
5.021065
58.543125
16.781456
66.605705
8.578784
9.677876
20.902777
5.145514
16.441589
6.245228
4.131656
7.787603
9.094433
5.456713
12.179573
8.787919
11.117881
100.904633
5.053394
15.163248
7.704890
11.241085
15.810094
20.486191
152.813400
31.899315
20.000645
25.013563
20.001942
66.704613
14.158177
9.602933
34.387230
9.698826
19.507856
16.994396
13.140409
12.036514
11.297086
34.099991
78.521759
94.709183
8.122201
9.912760
16.689983
12.934167
12.267398
24.245073
8.871679
2.290010
10.671216
5.115146
12.061959
9.122477
22.683884
20.082094
7.013649
13.664099
2.947053
2.593278
9.817275
13.016078
16.811993
35.355381
12.811945
7.442414
48.566250
11.652570
12.221478
132.245636
7.167402
24.419628
46.163754
73.874588
51.697025
3.675842
43.752857
15.914936
13.302438
7.941877
14.020339
10.936466
4.060752
114.562836
87.674271
12.213584
13.862758
9.340353
14.736827
8.204247
10.487480
19.998322
6.114717
52.330250
39.169712
72.858597
6.789883
18.225750
3.898263
15.090496
4.626507
17.560621
8.417925
30.826138
4.388026
25.849976
22.665157
6.811877
14.066267
10.422258
18.366789
10.121643
106.895599
15.834013
9.710938
17.593569
5.363512
13.266121
10.344815
1.746250
10.095594
23.549231
6.788383
29.668766
13.436277
168.745926
12.666837
9.518022
16.400221
5.368181
80.629753
13.757998
2.815286
15.112483
12.406541
10.501669
13.212797
12.694606
