3.180817
9.712470
18.355190
16.133295
25.389704
14.903965
6.692297
142.785004
59.087513
26.340815
51.402401
79.721565
54.501141
53.163570
2.917152
123.695129
74.807762
43.200676
13.894924
9.385210
11.407509
72.778030
12.456252
18.312487
113.076057
173.577423
46.748730
52.528152
24.250078
87.972771
27.707102
15.606367
11.635128
18.846165
73.823402
14.708468
111.531403
58.450352
48.509583
25.201134
41.753101
71.556305
35.690651
36.541702
63.995262
30.571617
7.155372
99.659019
9.789860
24.878876
13.276406
32.590569
9.052467
175.231491
8.131551
53.390797
164.625671
12.218783
11.620564
16.327703
8.404607
10.333522
16.419172
9.602118
69.086205
22.481243
38.568203
150.635681
118.040794
23.465775
29.583433
18.621605
23.664028
17.663240
12.127699
144.297104
9.986639
8.082561
22.699160
12.107121
86.526970
16.075464
46.408440
17.334240
12.096365
16.586458
172.543762
73.966270
12.017737
23.777580
10.394698
103.224556
61.233604
20.180223
8.334877
16.264864
38.491299
146.027451
31.697809
24.025888
105.829636
82.003052
75.737190
158.425003
116.182739
10.121876
30.811720
6.696041
20.048374
6.829215
14.709747
17.287312
15.083005
61.436092
8.270435
12.808762
136.389099
35.526829
43.089680
7.317608
29.023535
32.318089
18.175787
16.566746
27.446661
101.542473
16.026543
27.039005
10.629560
21.203737
35.119232
46.716602
11.783845
28.343000
22.757427
88.897820
20.834892
21.825718
51.842968
13.746645
10.249371
160.006683
13.768945
22.177883
41.911514
36.243977
72.023926
60.391827
72.163445
12.596742
14.881988
27.799316
91.042831
5.001535
88.833069
24.843336
86.503731
41.861107
32.157146
8.620780
10.946211
24.089830
34.375095
9.912523
19.629917
45.244904
97.696106
35.449799
50.708286
34.197899
16.321545
13.108193
48.443802
114.024223
4.999970
34.868477
105.008629
16.108696
115.000900
71.216095
18.639118
23.515699
36.997540
11.539321
20.485882
6.961869
11.903209
14.793490
18.662804
9.895115
9.861240
6.388410
7.944934
14.402814
71.752739
7.542976
6.296676
12.561766
66.625168
11.836954
28.527241
112.993134
17.789759
6.087893
14.163664
15.494638
25.249680
23.994991
5.324098
18.796499
7.548374
25.009432
12.425301
16.566795
15.362803
7.068374
16.526447
136.766312
12.680451
29.463907
16.619526
17.039499
158.241302
11.848145
6.696508
132.164062
35.900013
12.627211
15.341019
16.490099
28.667948
25.715578
59.142525
146.516449
44.558922
165.694550
120.775513
133.971329
8.326037
166.760208
15.532643
14.284588
81.683662
34.774616
15.582201
116.389221
15.697358
107.787811
13.954821
13.609504
14.043938
8.906845
105.251923
27.417624
111.194908
26.394716
21.681000
9.555899
43.548969
20.167511
20.311573
33.603848
176.547806
9.409059
55.098755
9.822544
91.739479
16.668932
24.585972
13.549767
144.773468
9.025162
72.911621
60.921356
52.008797
132.883179
15.143356
18.712194
24.112570
15.801898
50.693573
16.863588
50.790623
9.799860
112.572922
92.402267
13.920255
167.999542
15.668171
16.607656
13.210304
23.353729
8.527492
18.272869
14.647726
24.661501
66.258636
26.498985
16.757099
29.189936
30.079885
49.910053
71.303871
22.894875
103.609619
11.073160
8.567269
27.776958
141.231506
11.502027
172.953323
25.358574
172.865295
130.063431
12.715040
20.098854
45.511398
79.128983
143.842010
82.807259
89.852913
18.322657
9.951895
118.520264
21.126005
43.414379
28.603624
52.683498
18.558977
9.286593
14.338268
42.067211
61.758602
20.919298
15.724744
179.862869
16.014730
96.285637
176.789841
10.532671
153.630554
15.883969
23.161873
6.858167
23.628325
27.020447
93.683487
9.085899
22.596300
20.261423
9.771272
126.067528
14.068609
31.927038
6.231169
13.264585
26.151621
19.830683
21.353600
10.044152
11.729023
109.133942
12.506767
68.997749
3.667954
28.693375
16.310524
5.499877
22.739975
13.873056
74.252045
33.141293
38.550251
7.601728
11.278126
27.450432
12.306904
144.385834
11.677102
178.422577
11.244433
36.905331
20.907295
119.082535
10.551778
91.748772
159.844757
14.883517
15.544621
11.161791
8.423506
20.070377
20.670464
76.785133
10.858927
11.657210
37.764603
23.539085
14.487509
18.969334
9.880611
49.933487
17.048624
57.900932
12.161727
10.862969
115.827858
8.460533
11.454216
12.041921
12.420754
101.587273
101.860855
8.326509
19.804523
19.903889
32.821465
164.269867
19.731270
145.045486
6.742196
109.282089
8.884387
18.195065
11.462837
8.656329
11.641461
15.082119
77.202621
5.268811
31.300526
13.625980
9.630963
50.611313
155.670822
8.097764
102.606125
19.880796
19.204441
9.975883
113.288971
40.820023
16.661392
36.306461
172.539459
9.220634
46.232758
6.008530
15.736772
12.453858
28.455238
78.136276
27.558638
41.814354
85.809715
22.918779
12.027129
49.699665
46.367889
7.979367
10.928007
17.401510
32.998955
26.422647
31.497816
20.199396
97.111069
44.911678
12.025306
37.664646
111.051674
18.035313
172.755951
51.629906
160.684799
12.518301
45.298767
25.942823
14.376364
33.832245
13.605352
2.224823
10.976960
11.084835
17.805344
9.617040
72.956749
10.240343
132.642090
10.974531
10.913219
17.187222
36.010971
131.479309
10.423688
25.222040
133.494171
4.645421
51.892086
22.497705
19.382275
18.646498
32.325378
139.417862
167.900589
11.385565
20.705994
38.698250
162.702271
11.038275
100.122360
15.267927
12.401105
14.327428
45.991634
16.062271
170.031189
23.184486
8.895314
38.344261
19.869875
21.653639
15.454307
24.049440
10.506818
9.949847
9.225561
6.212290
20.760729
12.870398
32.242241
14.021401
15.606165
9.649658
15.427156
21.832605
29.352129
17.688934
127.543800
21.421072
13.831028
8.855415
43.670273
63.616932
113.957977
13.061135
51.017574
177.323425
165.604965
20.932276
25.757408
54.074856
18.379068
30.484341
11.004277
156.711838
15.596252
38.709171
4.796008
24.738588
19.185188
11.882901
18.408558
37.080994
19.895588
23.069319
30.027275
11.312688
13.585386
17.796337
176.354263
18.454531
22.014788
10.607417
30.289351
87.359749
16.543072
172.160126
15.442822
8.319073
82.981369
12.284454
26.479189
22.707525
28.040030
24.184370
2.396893
25.170965
24.270166
17.450701
19.020620
75.090843
10.672391
71.209885
13.867398
75.583359
13.830348
5.999923
7.939609
12.115149
5.196841
21.770699
16.924129
28.912439
18.597399
16.465506
6.345980
19.234798
26.845112
16.707903
15.478468
38.968285
16.691629
44.272339
13.889786
17.894848
25.861025
19.216845
65.923241
20.684927
34.849411
16.669876
11.098900
34.503582
15.284320
40.156307
36.302692
13.034625
16.181170
12.854789
177.274170
40.356083
21.862595
30.546267
33.336468
20.535332
111.364616
7.026924
3.486769
6.839528
14.990345
13.565392
151.526886
13.792685
51.951061
27.642216
64.114983
3.954686
9.498490
18.644220
46.022743
29.874231
6.789075
31.356512
20.306421
21.822254
17.906919
21.654875
11.996122
14.020843
38.729694
21.261349
27.597466
98.139473
13.510862
36.505611
9.237103
61.554092
171.472382
8.308236
26.642305
10.127139
41.164898
25.324289
14.455894
17.956793
15.777634
22.979723
68.607094
148.565598
46.113220
155.814301
42.603584
14.877134
116.455399
18.619411
61.537571
14.037734
17.606249
25.887260
35.413906
4.362976
20.126741
23.807604
12.476634
15.514337
25.941700
13.612846
64.042343
129.645096
25.336222
108.755562
17.477156
158.633163
26.741730
33.836117
11.695486
4.117991
19.416452
135.661850
61.191544
53.480003
6.838038
75.368759
28.629574
168.536438
11.062252
25.986118
27.702135
28.845852
27.950035
82.286949
25.311264
6.692180
17.497061
4.494669
61.414730
7.499655
13.362276
160.016434
3.168242
16.799280
17.234558
29.147377
25.263987
27.544006
118.562355
43.686195
159.899658
140.993210
23.664761
121.764465
22.639732
11.229991
65.360382
22.841951
16.619572
25.155256
9.433343
15.804234
39.803787
15.271731
137.444702
117.824760
178.529358
10.692642
83.752625
20.086834
5.913558
21.984039
18.639540
15.660604
14.265788
4.626846
8.884122
14.579038
31.320776
19.251472
3.941401
19.451736
27.370522
6.090852
47.171791
65.077003
17.510078
33.092594
11.331593
11.450588
174.507950
9.901291
17.688536
164.785294
5.348600
51.087963
32.526974
98.137650
40.889141
14.129994
40.459301
16.143951
8.852139
4.869074
15.032752
5.138663
118.118568
100.974144
154.950745
5.984111
11.387218
11.354953
35.771824
5.078894
25.295609
42.805672
16.257523
106.475029
56.325695
60.547993
16.819981
25.475159
5.847915
22.805395
6.306244
10.853006
15.040636
43.117706
23.898130
19.966316
17.894363
97.477829
14.458663
11.822836
23.911947
12.957673
104.803207
11.814942
179.492798
53.245914
14.452094
113.616760
22.448458
1.517976
6.685389
31.963924
12.245901
90.395653
170.342087
141.047546
46.837505
5.445941
8.243587
5.289870
135.728897
20.615263
4.666272
20.368822
13.771736
40.914513
23.899845
14.041980
