127.601120
148.103989
43.608353
123.450966
159.758087
144.884140
100.130409
124.745926
116.171310
157.272110
126.479660
175.076935
178.000198
177.436859
119.667068
166.804276
141.700424
98.704323
178.932556
118.824905
172.313232
172.943466
91.698944
131.234650
54.159657
128.211655
23.112762
163.074539
149.815414
167.229263
111.118149
132.742538
148.834259
141.115540
126.062050
69.539307
99.224007
151.591110
107.569199
165.391586
153.420380
92.170563
179.965164
128.133652
95.157639
134.451767
157.720139
174.547836
74.507065
104.240860
173.149307
152.423141
125.101997
141.299408
104.031464
90.398010
169.275604
141.651154
97.242355
123.953148
157.341782
178.437042
169.517944
44.474026
71.351509
139.939468
56.433784
175.499374
131.795044
143.775345
45.207249
140.391235
120.309570
75.845116
96.787857
132.112701
92.158279
106.047844
65.288918
153.059113
178.024094
84.094009
169.265961
158.627472
93.092369
179.396332
137.434509
142.972412
107.208443
176.180054
170.900345
161.776306
178.842636
102.351051
141.249466
163.093491
123.231277
53.160484
109.420288
115.795212
82.439522
119.127533
118.262833
158.610260
71.084373
131.639740
70.129730
144.740463
116.414383
139.982986
177.188492
168.968872
174.842453
117.398117
150.821716
162.606979
155.014435
99.090599
178.987900
93.732849
123.281120
149.300217
111.304047
81.425552
129.825150
179.998688
111.959366
131.248276
128.198441
137.536026
69.196762
150.338593
34.831707
98.392632
118.232605
112.672699
177.640411
112.311813
145.955719
162.702621
97.044914
114.965614
138.431961
101.503845
87.947891
104.070641
81.822990
152.817505
147.118805
169.788284
172.634247
123.158714
44.708355
146.519348
128.329880
131.194031
127.358719
178.341583
15.784598
174.081070
51.285561
129.609100
92.931305
158.579102
23.657764
109.931152
34.309135
113.173119
95.658318
107.234726
115.039871
103.582985
117.794312
171.385574
167.469330
153.945358
159.294312
165.243515
120.463425
175.881363
69.309151
55.768677
135.791687
154.404678
167.269363
128.264465
84.411110
174.535950
141.848083
121.154869
169.101822
110.572647
139.161789
50.641914
61.543041
35.052589
151.674377
159.971268
100.667007
168.421478
134.487717
123.390335
156.162186
130.215302
73.455559
155.377655
168.132187
127.312782
126.669922
178.980392
144.037857
152.182083
139.241226
75.760452
176.091583
138.480408
138.621902
103.981979
167.750076
76.737038
147.678513
166.323685
128.255356
118.526039
156.682861
165.300797
163.792236
170.302780
177.568741
149.199127
113.278015
168.051575
163.307709
31.887629
101.301628
62.008492
148.373047
96.746567
78.037430
56.314026
108.069122
167.183151
46.226082
103.502419
45.036224
76.781036
163.133957
155.004883
23.427385
102.126724
99.425095
160.451675
115.567940
162.394241
116.786324
166.982758
106.656219
154.652451
89.015762
178.488342
29.781826
149.848816
174.277802
152.668854
159.104568
125.832024
142.870422
144.569199
139.171402
94.446266
171.439240
71.020790
55.463425
118.957466
95.822731
107.492699
65.674248
82.533348
155.482193
79.605339
140.444229
179.221848
165.626617
143.985138
156.186203
174.354233
124.496201
95.899002
100.611618
68.491684
145.731644
145.009171
154.699203
20.412426
130.844009
134.408188
89.440544
179.785919
167.026733
164.991608
81.574394
169.215149
151.088455
155.025681
108.430473
134.780151
150.464417
121.772720
173.184982
32.081543
155.281418
147.831177
164.693741
161.177750
126.153358
108.012131
164.875473
104.087715
142.335480
165.785187
170.815109
134.544540
142.067352
151.102661
69.888771
148.610413
150.224045
118.418251
123.320396
110.121033
87.847107
131.268799
154.756180
68.682617
75.162598
144.530945
136.107101
109.651985
156.657501
163.170029
38.136047
174.399780
80.124359
147.080063
152.590897
124.447762
119.114464
143.596863
152.535736
175.516022
66.803253
153.841034
175.570786
46.536430
138.345520
142.111908
6.767123
179.275360
145.130600
172.319260
66.893616
43.790710
136.655197
107.532234
137.368286
152.154633
133.282486
88.287117
142.535461
138.662216
73.081192
152.345657
114.773537
71.845596
176.129150
137.199417
123.454681
176.975464
140.830658
84.227043
113.368332
111.841995
120.376312
163.129013
170.830048
128.093903
159.172150
99.630684
105.884789
95.114944
119.934074
147.853363
116.065018
136.359848
132.660645
129.996719
139.426910
44.485615
114.942886
36.462624
149.410049
167.827530
125.478668
170.645737
75.945786
166.676682
139.718674
62.073875
122.300430
170.609680
167.147827
49.615818
125.964729
176.244522
149.314636
172.153687
147.069794
150.651428
56.003674
146.990234
65.712090
178.113983
95.085808
157.526001
151.067001
138.565811
81.392090
29.751858
127.969887
172.167252
144.207108
141.146927
163.118942
75.352333
160.477875
151.382202
96.484009
56.322365
134.164337
150.690750
150.756836
144.195892
122.963196
158.073685
157.328598
162.503937
130.811584
120.689911
90.674423
91.986267
139.711487
152.907028
156.149078
126.852043
47.999947
39.541210
156.212585
173.027527
166.130737
174.923004
153.174316
137.175644
142.717102
115.371696
112.607658
131.485428
97.327461
41.077873
147.252457
128.942001
135.722412
178.549271
125.564850
178.359741
134.337021
119.487732
160.480774
105.182747
102.057617
62.331081
148.036301
123.250130
66.071655
166.499725
152.454010
163.472229
137.386353
42.470154
138.758636
151.403442
70.832954
178.119049
141.156769
179.095688
170.977707
152.854980
176.411987
100.617561
80.375832
134.867188
152.155624
43.116047
111.792831
152.723541
111.243561
126.875717
140.666306
92.227806
86.168968
84.209709
172.217270
76.503952
173.680130
114.651360
174.472046
51.667553
141.295166
166.447968
150.684189
172.497482
137.888382
67.889198
86.140427
53.637569
177.237518
154.214066
113.578346
165.283401
144.673386
142.848862
154.287918
150.856674
170.408585
149.200058
118.317818
172.817642
105.500206
109.062286
155.773438
79.445671
28.953045
54.103771
122.029167
135.314667
40.269321
167.031250
161.227188
111.606529
118.652893
177.257431
45.330112
125.683327
171.904221
25.198566
145.544846
160.779953
144.023560
72.790649
99.495186
107.763954
166.534378
144.493225
168.185532
66.411263
92.568504
105.219009
175.221802
144.174194
164.523209
106.053436
77.818275
92.362183
153.830276
175.406784
154.846130
106.473648
97.354172
86.536926
157.904724
177.956024
76.425758
44.974548
109.551254
30.506027
95.541374
125.639618
177.824615
88.402412
149.854752
147.336426
120.644234
135.869156
172.661697
139.839569
79.576408
110.583603
67.924255
88.427185
162.508698
157.368820
158.022522
81.311546
116.110680
173.717972
130.288071
139.893295
45.617462
174.946030
99.519127
172.639847
137.293823
117.333557
70.667816
42.447487
177.519089
99.406212
60.485889
80.709801
161.000504
57.524082
156.459961
162.356598
174.524521
174.825180
157.057617
114.502983
174.049774
146.050034
163.416153
163.023834
101.145844
147.349625
67.307770
62.904762
114.535927
179.475967
174.071472
162.871323
131.237808
117.793915
168.773972
69.092453
169.134521
133.164703
117.674194
94.883331
66.003448
157.715607
138.946518
157.432098
153.487610
103.180153
147.495209
119.850060
163.662766
149.005707
163.891525
133.686523
111.713417
124.889786
148.011932
151.661469
146.205704
155.994400
140.327087
129.030930
142.544479
162.228638
63.265053
82.870316
90.290421
167.657379
142.939209
136.900833
133.879730
77.425011
168.819580
157.015854
107.803986
64.897896
40.868507
172.296707
70.693588
129.888290
150.465927
178.959641
163.380096
71.141586
111.708511
179.911758
132.177338
57.574722
117.999954
72.099670
56.747593
54.243107
175.498810
159.684052
127.727264
174.206451
179.993164
160.090012
104.269241
170.816544
140.316727
144.234467
138.481384
79.416222
89.255020
155.784210
82.036087
95.291138
133.632034
113.569313
151.043839
99.372368
161.408661
175.865921
168.322525
129.838455
139.491928
175.082581
145.950653
155.497711
127.550552
27.773888
68.558624
135.790436
29.687248
119.544411
70.356445
144.327728
148.401611
171.812805
56.137466
170.363129
76.841942
39.137547
44.708111
93.295563
144.235107
178.088287
47.280499
103.825676
23.792595
100.897232
59.946663
178.631439
108.571632
50.903992
59.090866
159.420700
161.324951
171.951035
135.334427
116.567909
122.184715
160.585831
159.940521
147.874146
83.599907
154.518112
158.701019
104.435745
106.529770
95.851669
58.610210
128.179825
105.969490
175.546936
125.198082
108.842804
122.485588
143.547958
105.403709
135.727036
131.127670
178.958862
115.323929
167.921646
102.517647
111.240997
171.057495
60.372482
91.519684
124.890152
178.400955
91.481781
142.559891
97.237350
152.836914
97.675552
163.392090
35.861385
111.982918
110.767815
106.795464
150.124710
170.713516
152.956009
175.369202
116.007179
157.625259
53.961208
142.937759
138.630096
91.633492
42.289700
176.060089
117.183418
164.423050
125.937805
145.350311
168.591034
127.247322
131.316452
175.636337
126.346321
163.171127
179.360931
162.833679
141.131897
80.818993
110.413895
170.702225
74.804932
147.132599
152.857498
130.999680
154.715988
154.106918
35.931511
133.931976
165.726929
63.769478
125.324211
127.707947
143.670502
151.243118
116.827881
123.707542
174.986816
112.622459
151.603302
170.411743
133.546173
71.792465
145.106613
140.164291
158.018890
