20.119509
84.646416
107.873360
13.527807
28.879642
10.755282
15.672832
179.174240
37.524979
51.961994
118.281982
31.979698
50.916737
83.933907
6.466507
34.856415
21.204330
17.264482
14.824179
97.858040
29.417322
10.084642
15.280107
15.756419
53.213760
164.361984
22.099157
66.428947
63.829971
124.553711
54.720364
170.832413
17.387823
25.127012
176.989258
22.368628
127.247116
33.710033
24.887657
5.202262
106.297684
110.975456
174.538879
17.063871
90.678635
35.369823
15.750138
132.109604
62.197433
39.341713
151.230652
16.828804
18.154802
131.199661
8.879270
81.093147
147.344330
13.808604
28.381308
10.956231
122.045792
81.848106
10.150329
14.329180
32.614464
12.975640
19.218687
17.215721
167.834412
57.810596
30.395416
23.153265
11.795483
20.909740
9.495851
149.469727
28.088989
15.073320
18.326475
7.448200
117.692024
39.274944
31.307236
102.530815
77.730644
33.381279
113.175842
96.175926
23.390484
9.994092
6.781689
99.996590
16.991621
153.937988
23.571577
22.252407
44.302540
100.754250
57.405399
172.071075
160.500305
100.112785
40.331257
172.727966
14.183759
11.779518
54.149052
23.464264
20.774256
30.092781
103.671227
12.689786
17.728518
4.618038
9.466677
168.434906
122.773392
118.480049
85.614395
22.212517
98.661537
10.050704
93.434311
27.173195
34.509365
179.084885
110.419212
25.283346
27.945286
64.136139
10.778068
12.512598
14.159175
161.112549
61.832321
24.421371
21.078075
61.353897
6.101256
9.263447
16.295061
152.345703
108.320801
31.329885
138.381531
14.118717
10.354508
6.323234
10.301997
33.141243
108.153511
138.229904
144.622864
77.368515
49.054249
53.212086
105.768883
31.077147
17.786974
49.276409
22.738483
62.252964
26.488882
28.652386
34.008316
49.701912
53.180676
42.262730
71.911003
13.027041
116.523064
28.724339
42.909695
172.517914
24.067270
17.479177
122.176491
99.832458
88.299911
159.199341
10.361772
21.087780
79.605232
5.806932
32.597843
116.714798
2.192931
36.548000
15.552748
57.427441
146.792175
9.157451
36.413731
87.398140
178.311020
3.302758
49.030514
160.403091
158.524567
18.848417
80.726929
16.232965
14.409733
17.371368
6.827265
43.890938
17.275902
26.374905
12.612669
145.812622
24.217281
46.554253
7.561851
41.426971
67.077751
29.936182
25.367474
122.777641
25.455914
26.397772
9.172754
11.108994
109.416527
12.636338
16.256073
162.035904
13.862814
68.901375
37.968502
10.037829
25.788002
27.162552
151.108017
48.529270
54.520081
39.759178
35.494953
134.734756
30.990314
115.616287
15.143563
20.327217
34.736240
115.675476
166.252975
102.028114
162.345428
80.573914
12.825895
119.586143
11.249451
15.553959
163.487350
9.992131
113.278763
23.397629
175.323044
14.567837
48.780720
52.112717
28.971014
36.648434
168.676514
63.326374
83.174286
15.921052
95.404709
21.667160
26.099373
29.609268
131.971207
21.324568
44.802315
18.627937
35.165386
157.962570
153.893951
74.569839
18.358698
20.339714
22.752199
39.809002
19.473276
26.903456
179.604996
139.884705
99.658340
173.990402
174.267426
22.202940
129.247849
43.229282
42.525814
43.470463
16.299397
143.318771
28.585400
24.934813
9.676906
8.758182
38.153603
26.031528
174.755219
10.365856
103.152679
31.361713
37.855820
73.404541
34.778931
51.923500
58.809319
28.477522
131.946274
125.808472
31.574402
15.820272
22.966690
35.974003
53.354050
97.716393
16.687298
69.585136
23.237251
51.131252
28.861807
42.314896
31.853323
44.612507
19.408148
18.428999
156.471985
26.138062
35.758923
15.190507
19.836512
169.034912
11.295976
44.782883
110.577835
106.086082
148.696304
141.208145
7.798459
5.661368
23.381620
17.136044
35.906723
173.208313
169.692810
179.786377
41.494701
159.004303
69.493568
22.155891
7.384306
162.695602
109.505798
128.034027
120.818497
152.495117
11.074080
27.239170
34.198269
87.138916
14.927907
171.117874
13.505694
20.236986
59.577271
10.485835
14.707828
53.590042
138.792419
15.998983
14.671015
45.288624
26.307159
87.841064
63.283619
8.668719
9.710938
20.186890
144.706024
153.602188
51.070873
154.317291
82.038605
14.911757
23.798693
51.214333
26.524780
7.073912
14.847826
46.669556
27.001699
20.379017
109.597519
37.740540
83.146454
12.491081
24.054422
39.515072
103.010216
97.438141
37.907185
16.951910
25.824434
15.097881
19.512009
43.132572
10.249983
93.945442
47.816818
35.967724
6.410070
23.169596
23.600086
53.826561
17.184069
179.429779
16.346788
159.278427
21.980492
16.596445
10.965243
7.046068
18.118359
61.274620
141.457016
6.712627
11.998345
26.124649
30.582188
36.826767
29.421144
11.531981
146.979263
109.166397
17.577394
176.766342
80.545235
29.875639
15.462026
23.793028
169.764709
8.171048
29.929272
9.784975
9.714246
13.581056
50.830070
15.867302
21.077961
9.990876
13.631334
25.164476
7.575097
74.677200
71.811859
7.494954
48.554192
8.632586
38.587685
24.032288
29.636709
101.302147
66.916016
81.311440
7.886154
63.283810
31.280268
18.882381
27.284069
21.405632
28.188984
23.146151
69.145096
30.502991
39.804893
29.457891
28.211555
15.627832
17.628685
19.847256
46.737133
53.787163
100.266472
16.323471
26.766644
46.844833
12.889336
110.200981
16.471416
44.422237
11.656875
13.205908
69.433105
123.145515
42.289547
25.949913
18.409494
12.488069
160.064926
159.422577
40.460503
19.204115
14.701316
50.830376
171.611450
35.716702
132.035370
22.594103
35.922569
20.074570
10.513604
4.570666
27.743336
23.607933
22.579245
9.401894
178.057968
22.294310
169.704605
27.702026
12.829991
10.924778
22.785351
69.075584
47.457687
75.738945
46.373737
30.516279
177.066956
10.458517
172.276260
14.604585
32.732620
9.927059
91.824295
44.695538
36.460091
151.092300
16.086744
141.528076
30.302416
11.941419
72.680809
130.341125
179.202240
19.613766
15.044600
27.112766
22.973824
22.485132
8.403861
163.345352
15.172202
102.951523
23.580202
75.096024
28.175211
23.950657
15.368268
121.193535
8.705784
14.449651
42.653358
3.945570
27.848038
162.737869
25.690920
9.960317
18.232735
13.553936
17.419741
115.696960
9.300843
6.156960
18.323557
17.258293
165.559036
21.039913
23.123091
165.119247
89.994423
52.178448
141.957855
85.783485
22.694160
50.698921
58.378956
32.576836
6.626325
124.350800
22.662271
108.291817
6.863303
45.148315
7.243597
25.652979
12.420061
23.224665
33.729160
37.951550
10.082623
107.177170
46.841934
13.761419
23.572044
138.470978
71.745056
86.778915
29.548691
35.023979
23.394327
17.217411
17.916880
28.860546
167.668259
14.501101
101.000023
18.477644
21.771351
155.795242
14.021627
33.157623
83.359947
125.466171
54.078690
10.698504
91.677048
21.700277
8.848422
100.739700
93.880524
73.099792
14.725585
11.280557
45.650433
34.396236
17.934504
3.828355
158.566101
6.453414
21.314377
24.274456
62.952141
13.559955
22.922253
129.055679
56.467842
27.388037
20.048140
31.687603
21.643600
27.043272
32.402527
35.823624
6.782612
32.815418
14.706013
131.523132
49.734848
40.487610
129.541504
13.262456
101.578644
24.655426
72.924263
61.522865
11.493094
178.551285
29.637163
16.847324
13.302378
33.354088
65.139313
11.413625
95.543739
22.394812
139.396484
16.922737
15.973244
12.020086
126.855103
16.004381
90.111465
13.075062
103.470116
24.289362
166.819519
31.175129
31.568750
29.986012
19.601049
25.587118
14.133825
24.402439
55.225182
145.690353
173.617142
26.858292
11.670924
49.336815
13.599527
53.607918
17.556595
4.654850
20.478889
42.775433
102.364479
28.563066
10.951651
106.414406
11.822772
81.436493
19.303444
47.815334
26.853764
28.940638
47.418446
20.194292
16.785013
8.356841
102.617752
10.464287
171.176819
53.733425
21.279558
171.288055
10.592923
45.216831
54.505703
22.847368
19.389498
5.964320
126.764122
61.182243
141.222733
43.257751
136.783798
18.740658
94.145584
19.376150
42.095348
36.441940
20.651459
28.995090
16.309271
18.130196
16.246748
37.527508
104.781296
36.552334
69.005768
10.826902
36.793148
67.872849
26.111286
18.916912
24.129696
63.738319
21.810631
62.935204
18.546223
9.748709
16.142443
103.150032
13.384741
18.107813
48.793934
15.565363
31.354563
46.818436
13.952234
159.591949
9.871090
16.374582
125.428955
12.882824
3.999172
97.922379
15.595900
133.454895
95.352745
104.324135
87.196945
5.985419
41.968010
76.367447
7.526135
14.027837
41.842312
32.276585
39.559505
68.780403
130.412933
72.565926
67.090874
4.954669
85.342072
12.757590
33.770473
15.672579
39.542244
69.081512
107.900024
29.939932
24.841053
9.098395
134.399872
28.690922
12.457826
154.437408
12.435332
46.390076
11.255860
29.550108
30.875902
27.401794
21.156797
18.845369
22.064205
124.651558
102.686211
24.899954
87.082024
154.568802
23.193493
175.909485
16.395767
16.376213
33.348400
12.741782
22.098909
27.330969
46.270756
172.454529
22.363098
8.709743
28.790325
22.273880
113.432907
18.199339
21.847641
9.889174
14.605392
148.371536
25.027027
8.015313
