-0.348941 0.166046 5.173809 -62.397176 163.193598 76.170699 -0.217704 0.480448 0.619338 -0.581545 689.278901 618.838913 651.260756 562.230523 740.826950 357.970341 614.990142 507.367196 601.134204 443.360748 529.125213 341.392715 537.470811 483.211145 555.021148 400.300467 501.832183 280.733413 
0.374522 0.284750 8.363334 -57.177098 38.714484 -42.009846 0.830243 -0.148885 0.433533 -0.317141 767.111576 342.373780 784.993820 373.266996 803.284264 402.246193 725.791724 419.972414 816.258123 432.695848 846.556314 450.059727 707.506550 436.813974 769.510490 440.318182 875.454741 486.953664 
0.417022 0.155303 9.612251 -42.750424 -130.813760 44.510744 0.484192 -0.159946 -0.841110 0.180306 747.026588 441.651403 840.824427 440.402036 857.224138 460.801724 728.402385 420.646796 794.898975 471.197657 820.004255 486.453191 711.414330 397.065421 727.912500 467.187500 764.777640 461.331677 
-0.357779 0.029935 6.410636 -113.874139 63.526216 -85.819596 0.640105 0.007311 0.695484 -0.326364 744.679245 523.633565 711.209270 505.186798 674.257521 531.429603 713.957569 456.720796 677.811905 489.746032 611.004193 466.542977 729.472515 415.070760 653.118117 436.308151 553.614453 424.448047 
0.163604 0.125007 8.603442 -52.656964 151.834325 -52.372009 0.385536 0.289798 0.827729 0.286781 685.209518 479.822002 738.477124 467.052288 839.141210 505.447646 764.936364 409.323967 811.978147 474.933566 816.809642 437.346106 721.033557 342.814957 743.190598 376.676068 782.457695 443.874295 
0.260351 0.429065 6.119956 68.127410 93.404833 34.660543 0.663758 -0.219916 0.689973 0.187084 889.001124 325.449438 830.313984 367.732630 704.333333 453.142387 861.039718 347.675199 796.082011 404.312169 683.641865 429.442460 830.866184 324.371609 804.599437 342.161351 751.612299 433.628342 
0.366377 -0.321739 5.482062 -78.652352 125.147332 50.949403 0.079722 0.661066 0.494300 -0.558841 884.628165 454.070413 779.898830 559.281871 812.304605 676.055921 811.981760 484.443133 786.683249 601.997481 794.736218 639.914641 786.004231 514.689704 746.361543 591.827629 720.424219 626.020312 
0.266670 -0.470113 6.503561 -60.094636 75.592181 124.299057 0.048223 0.748132 -0.102005 -0.653886 886.394271 559.967565 812.334937 586.140179 764.133125 637.480814 821.473573 539.733615 751.127915 606.717314 735.962434 578.467318 752.989980 545.057114 714.257987 545.529553 677.173404 544.573404 
0.421585 -0.381860 5.272357 10.697896 -120.685496 109.955221 0.216393 0.449940 -0.458770 0.735022 786.891215 440.255114 837.927247 511.788873 746.091178 620.881715 867.875658 589.966447 847.142368 623.166341 797.956579 617.571053 959.197461 628.612130 900.475962 660.765625 910.117845 617.484848 
0.027223 -0.047558 5.441811 -123.204592 -25.380436 6.604200 0.474332 -0.166199 -0.153735 -0.850736 862.671920 326.575931 736.486565 455.553377 674.881499 589.373640 820.352034 369.305750 696.001547 532.218097 730.820479 547.545213 782.023088 411.878788 735.198934 426.189165 712.484043 490.307624 
0.460230 -0.382191 9.486711 -89.469509 52.733818 94.620120 0.201789 0.679768 -0.249605 -0.659465 764.820598 605.584718 761.622177 573.772074 867.176640 516.897621 759.228880 542.935167 771.194767 509.683140 818.720165 508.814815 719.585938 510.707031 745.855820 509.784392 758.198919 476.614054 
-0.007405 0.309850 8.940458 -89.348854 -20.203159 -68.891156 0.507589 -0.497681 0.288656 -0.641362 763.195319 319.376110 762.610058 363.884111 789.251918 412.310742 756.698333 405.917500 762.006467 446.769604 762.377148 486.131443 646.659104 429.205352 704.599359 420.724359 763.193820 526.816479 
0.169819 -0.428409 5.006985 -116.207543 90.547322 157.837240 -0.520485 0.480838 -0.514171 -0.483238 749.615537 716.666228 788.222710 718.211190 801.083282 484.974893 802.679104 657.750000 799.146889 530.193072 800.138932 442.028257 807.407343 592.146853 754.817852 540.946299 761.049192 506.125088 
-0.452893 0.422271 7.733017 60.742107 -99.966852 44.327018 0.367699 0.567892 -0.489290 0.550355 620.752187 316.674927 646.764286 311.716667 676.197232 417.043253 666.273016 363.679365 681.338650 451.665031 686.820276 481.156682 645.824153 407.213983 657.722311 435.465490 646.872510 458.697211 
0.348432 0.157740 8.801881 61.884485 130.449273 -72.539513 0.013600 -0.589022 0.500384 0.634416 844.904645 491.665648 807.834375 448.725000 773.561105 380.650372 736.073384 454.966046 768.012304 413.035794 734.168591 391.914550 709.697157 504.904821 722.301695 479.302825 747.356674 430.415755 
0.277094 -0.332034 8.106710 -52.517690 28.310442 160.218672 0.042778 0.875235 -0.384947 -0.289741 685.517934 451.856528 756.013471 512.019017 810.809346 507.134579 723.438740 490.778296 811.563107 534.089806 841.285714 531.387363 772.705650 551.745072 794.908847 588.809651 816.137536 627.409742 
-0.072913 -0.215443 6.159903 -86.931580 53.262723 -73.752767 0.704028 -0.142664 0.629263 -0.296681 808.630590 544.333117 760.163763 466.656048 755.344751 418.062983 762.610427 560.117536 762.478628 513.114138 675.764631 474.098176 774.743140 608.508772 683.812601 532.298869 598.492023 510.651883 
